[[0.0, 1.4373453082091099, 1.9142990041380283, 1.9998402830002355, 1.6586770350309794, 0.08188777148746629, 0.18677354665292945, 0.47625671592057794, 0.07824749225729699, 0.00020427726104399468, 1.9554117962760351], [1.4373453082091099, 1.1102230246251565e-16, 0.23588579577802338, 0.578796722175061, 0.03527895239585144, 1.7579405840592086, 1.879002347850576, 1.9951434848300464, 1.7518510531786524, 1.4554322215791586, 0.3166147158669579], [1.9142990041380283, 0.23588579577802338, 0.0, 0.09308589948018786, 0.0930097679836629, 1.9999547155478696, 1.979244046440093, 1.8239018040371315, 1.9998232477798839, 1.9222987786085124, 0.00686911787126343], [1.9998402830002355, 0.578796722175061, 0.09308589948018786, 0.0, 0.35487552276879486, 1.9108825492951396, 1.8026960022254375, 1.5084349003209956, 1.9146749062526132, 1.9992748148140111, 0.05001798437903904], [1.6586770350309794, 0.03527895239585144, 0.0930097679836629, 0.35487552276879486, 0.0, 1.9029412015259723, 1.9735257926182195, 1.9859512541320905, 1.89891189646228, 1.6737502861036393, 0.14851842595018427], [0.08188777148746629, 1.7579405840592086, 1.9999547155478696, 1.9108825492951396, 1.9029412015259723, 0.0, 0.022729180083129297, 0.18152890825269064, 4.310702200638339e-05, 0.07406501019734424, 1.9941994415907613], [0.18677354665292945, 1.879002347850576, 1.979244046440093, 1.8026960022254375, 1.9735257926182195, 0.022729180083129297, 0.0, 0.07833102673777959, 0.02473968889425837, 0.17517752511472262, 1.948801614480011], [0.47625671592057794, 1.9951434848300464, 1.8239018040371315, 1.5084349003209956, 1.9859512541320905, 0.18152890825269064, 0.07833102673777959, 0.0, 0.18689889532531612, 0.4591458401193188, 1.7519296464542888], [0.07824749225729699, 1.7518510531786524, 1.9998232477798839, 1.9146749062526132, 1.89891189646228, 4.310702200638339e-05, 0.02473968889425837, 0.18689889532531612, 0.0, 0.0705981189630337, 1.9951552121227956], [0.00020427726104399468, 1.4554322215791586, 1.9222987786085124, 1.9992748148140111, 1.6737502861036393, 0.07406501019734424, 0.17517752511472262, 0.4591458401193188, 0.0705981189630337, 0.0, 1.9611846702455427], [1.9554117962760351, 0.3166147158669579, 0.00686911787126343, 0.05001798437903904, 0.14851842595018427, 1.9941994415907613, 1.948801614480011, 1.7519296464542888, 1.9951552121227956, 1.9611846702455427, 1.1102230246251565e-16]]