[[0.0, 3.806767698844114, 26.8035115114956, 13.079213459293483, 21.221185816162837, 7.280626086325184, 14.861806410137886, 22.4560215969942, 4.879505037639286, 32.300983740423916, 15.34775819835384], [3.806767698844114, 0.0, 23.74417154069664, 11.554399200106715, 17.480351827190457, 10.68534200797821, 18.469544393690093, 26.260864467051654, 8.345138790055218, 34.55740081022571, 12.714822525069646], [26.8035115114956, 23.74417154069664, 0.0, 15.852005945478115, 11.502238517492064, 34.08246723782254, 41.411966808330966, 46.86862313081513, 31.681512200494808, 57.99870086591104, 11.70811029694152], [13.079213459293483, 11.554399200106715, 15.852005945478115, 0.0, 15.993227090308084, 19.886533109952154, 26.45188538444199, 31.064427001988413, 17.59517966681714, 45.37357205127804, 4.898507884596964], [21.221185816162837, 17.480351827190457, 11.502238517492064, 15.993227090308084, 0.0, 28.06911537360814, 35.91782086961733, 43.451812965264, 25.788943105775818, 49.34483342512113, 11.339152795360283], [7.280626086325184, 10.68534200797821, 34.08246723782254, 19.886533109952154, 28.06911537360814, 0.0, 7.877779909051722, 16.975212688136637, 2.4011807957601543, 25.799800510784674, 22.577619510391763], [14.861806410137886, 18.469544393690093, 41.411966808330966, 26.45188538444199, 35.91782086961733, 7.877779909051722, 0.0, 10.478688822573599, 10.130917189281316, 21.96763917472632, 29.7492030743801], [22.4560215969942, 26.260864467051654, 46.86862313081513, 31.064427001988413, 43.451812965264, 16.975212688136637, 10.478688822573599, 0.0, 18.637661351841743, 28.020991032756026, 35.289593969409616], [4.879505037639286, 8.345138790055218, 31.681512200494808, 17.59517966681714, 25.788943105775818, 2.4011807957601543, 10.130917189281316, 18.637661351841743, 0.0, 27.907816562331416, 20.187686910294666], [32.300983740423916, 34.55740081022571, 57.99870086591104, 45.37357205127804, 49.34483342512113, 25.799800510784674, 21.96763917472632, 28.020991032756026, 27.907816562331416, 0.0, 47.27054232026873], [15.34775819835384, 12.714822525069646, 11.70811029694152, 4.898507884596964, 11.339152795360283, 22.577619510391763, 29.7492030743801, 35.289593969409616, 20.187686910294666, 47.27054232026873, 0.0]]