[[0.0, 0.7727828015559608, 1.6035225993503577, 1.8485982783414792, 1.950577711002098, 0.3618480945466911, 1.9792180397476966, 0.5827629180524717, 0.17633101306234455, 1.8382644680549176, 0.033702195652021816], [0.7727828015559608, 0.0, 1.913621312740592, 1.708016438018626, 0.9136219229277461, 0.10522812904050871, 1.0249895333211596, 0.020169297100724237, 0.26060959099711567, 1.7214701048906729, 1.031134084543389], [1.6035225993503577, 1.913621312740592, 2.220446049250313e-16, 0.06602566850333891, 0.6738701952698457, 1.9990240546242055, 0.5707297682083727, 1.9764381028706806, 1.9492544968103127, 0.05932454692498823, 1.37792436732756], [1.8485982783414792, 1.708016438018626, 0.06602566850333891, 0.0, 0.35760060321632636, 1.9488463310948074, 0.2763315829322198, 1.8348549656648867, 1.9989660059131253, 0.00018503688531879003, 1.6838101571041055], [1.950577711002098, 0.9136219229277461, 0.6738701952698457, 0.35760060321632636, 0.0, 1.367565983321116, 0.0062072386064716545, 1.114446642839382, 1.6068933870266238, 0.3724616800508721, 1.9984687603308258], [0.3618480945466911, 0.10522812904050871, 1.9990240546242055, 1.9488463310948074, 1.367565983321116, 2.220446049250313e-16, 1.4687440583301261, 0.034046506495318374, 0.03778024216551623, 1.9547444303884947, 0.5815507997470997], [1.9792180397476966, 1.0249895333211596, 0.5707297682083727, 0.2763315829322198, 0.0062072386064716545, 1.4687440583301261, 0.0, 1.2242525192305325, 1.6915436944937152, 0.2897414559469077, 1.9984250548814675], [0.5827629180524717, 0.020169297100724237, 1.9764381028706806, 1.8348549656648867, 1.114446642839382, 0.034046506495318374, 1.2242525192305325, 2.220446049250313e-16, 0.1409820434134219, 1.8452895536019727, 0.830773594478706], [0.17633101306234455, 0.26060959099711567, 1.9492544968103127, 1.9989660059131253, 1.6068933870266238, 0.03778024216551623, 1.6915436944937152, 0.1409820434134219, 0.0, 1.9996557126691885, 0.35006970782952007], [1.8382644680549176, 1.7214701048906729, 0.05932454692498823, 0.00018503688531879003, 0.3724616800508721, 1.9547444303884947, 0.2897414559469077, 1.8452895536019727, 1.9996557126691885, 0.0, 1.669647587514042], [0.033702195652021816, 1.031134084543389, 1.37792436732756, 1.6838101571041055, 1.9984687603308258, 0.5815507997470997, 1.9984250548814675, 0.830773594478706, 0.35006970782952007, 1.669647587514042, 0.0]]