[[0.0, 2.028203040365081, 4.607538131756156, 10.127910363150146, 8.496737385692303, 6.96730081820698, 8.388209241513973, 8.218350849484132, 6.563333772297221, 9.96877239156482, 1.4803226031592909], [2.028203040365081, 0.0, 4.36055120694915, 9.377550456401314, 6.669020022986941, 6.939531791322714, 6.656972564079091, 7.616325733457739, 7.17666402337909, 9.24980909205373, 3.5078272503574826], [4.607538131756156, 4.36055120694915, 0.0, 5.589624993952849, 6.378959845364538, 11.22284276764995, 5.892469225713748, 11.970319304247976, 11.12572534731733, 5.416541504737252, 5.3436395767815705], [10.127910363150146, 9.377550456401314, 5.589624993952849, 0.0, 6.596173734564965, 16.27373488553991, 5.849254839849139, 16.557726746904386, 16.49885131509299, 0.21583618792393622, 10.932393872064292], [8.496737385692303, 6.669020022986941, 6.378959845364538, 6.596173734564965, 0.0, 12.171401058283521, 0.7490934080242663, 11.652871280098719, 13.196940872054938, 6.631545460186502, 9.89898655847112], [6.96730081820698, 6.939531791322714, 11.22284276764995, 16.27373488553991, 12.171401058283521, 0.0, 12.483184903396376, 2.338511573426679, 2.209537650084331, 16.15646874652191, 7.293398919616397], [8.388209241513973, 6.656972564079091, 5.892469225713748, 5.849254839849139, 0.7490934080242663, 12.483184903396376, 0.0, 12.087617888788108, 13.399717350364627, 5.883112944201157, 9.747457897606226], [8.218350849484132, 7.616325733457739, 11.970319304247976, 16.557726746904386, 11.652871280098719, 2.338511573426679, 12.087617888788108, 0.0, 4.5439086955338395, 16.467260176342535, 8.87626043714199], [6.563333772297221, 7.17666402337909, 11.12572534731733, 16.49885131509299, 13.196940872054938, 2.209537650084331, 13.399717350364627, 4.5439086955338395, 0.0, 16.358289439978932, 6.430276465985458], [9.96877239156482, 9.24980909205373, 5.416541504737252, 0.21583618792393622, 6.631545460186502, 16.15646874652191, 5.883112944201157, 16.467260176342535, 16.358289439978932, 0.0, 10.756993681808002], [1.4803226031592909, 3.5078272503574826, 5.3436395767815705, 10.932393872064292, 9.89898655847112, 7.293398919616397, 9.747457897606226, 8.87626043714199, 6.430276465985458, 10.756993681808002, 0.0]]