[[0.0, 0.008972324253018638, 1.0646769541277332, 1.9901120525451854, 1.9811198491388478, 0.09925540767463381, 1.9833568534005002, 0.24653973323491152, 0.0928842209941173, 1.3636062590669003, 0.004487901630041979], [0.008972324253018638, 0.0, 0.9307196735820039, 1.999977655949221, 1.9464675971506646, 0.16539090626315966, 1.9502504688876203, 0.341178506614797, 0.1572767979323787, 1.2358354889919534, 0.0007714312888094099], [1.0646769541277332, 0.9307196735820039, 0.0, 1.0759475948295811, 0.7435483604504525, 1.491697144437217, 0.755095261608818, 1.7048483328923614, 1.478669442326212, 0.04688075975810091, 0.969950471133857], [1.9901120525451854, 1.999977655949221, 1.0759475948295811, 0.0, 0.0557114217998993, 1.830908128713274, 0.051853015222554255, 1.6537777431165135, 1.839105587164472, 0.7706660987431888, 1.9989437152597986], [1.9811198491388478, 1.9464675971506646, 0.7435483604504525, 0.0557114217998993, 0.0, 1.9677418393417911, 7.11357617516617e-05, 1.8663945336775192, 1.971388021936226, 0.4630957057639026, 1.9584143257379034], [0.09925540767463381, 0.16539090626315966, 1.491697144437217, 1.830908128713274, 1.9677418393417911, 0.0, 1.9646679245882397, 0.03574302503621851, 0.000110989112004245, 1.7321355029020364, 0.14440221389785068], [1.9833568534005002, 1.9502504688876203, 0.755095261608818, 0.051853015222554255, 7.11357617516617e-05, 1.9646679245882397, 0.0, 1.8603767591539357, 1.9684861518259398, 0.4731964953169978, 1.961750037521788], [0.24653973323491152, 0.341178506614797, 1.7048483328923614, 1.6537777431165135, 1.8663945336775192, 0.03574302503621851, 1.8603767591539357, 0.0, 0.039797690689832965, 1.8864526797583652, 0.3121426595667198], [0.0928842209941173, 0.1572767979323787, 1.478669442326212, 1.839105587164472, 1.971388021936226, 0.000110989112004245, 1.9684861518259398, 0.039797690689832965, 0.0, 1.7219059824408354, 0.13678508780249277], [1.3636062590669003, 1.2358354889919534, 0.04688075975810091, 0.7706660987431888, 0.4630957057639026, 1.7321355029020364, 0.4731964953169978, 1.8864526797583652, 1.7219059824408354, 0.0, 1.2738175340153317], [0.004487901630041979, 0.0007714312888094099, 0.969950471133857, 1.9989437152597986, 1.9584143257379034, 0.14440221389785068, 1.961750037521788, 0.3121426595667198, 0.13678508780249277, 1.2738175340153317, 0.0]]