[[0.0, 3.2297708678972916, 7.380199020609902, 14.552839640022436, 14.022987199011123, 2.9320110535565655, 17.58441176759593, 4.428450220496095, 3.4003024978475205, 10.780541936807209, 2.638057162308244], [3.2297708678972916, 0.0, 4.556777970989455, 11.410680845760815, 10.7937642035967, 4.540867758186278, 14.354726879474608, 2.4586415858725315, 5.504176575153868, 8.113206806669394, 5.7252200182734825], [7.380199020609902, 4.556777970989455, 0.0, 9.393137664879914, 7.796033168992705, 9.095828846953799, 11.137395527262763, 6.063195882990515, 10.057824479198548, 3.5667250977120677, 9.362303440172356], [14.552839640022436, 11.410680845760815, 9.393137664879914, 0.0, 2.7622850169865747, 14.490973833549512, 4.399371343884072, 10.544817266591192, 15.530713091016105, 9.540068357062816, 17.12787194494329], [14.022987199011123, 10.7937642035967, 7.796033168992705, 2.7622850169865747, 0.0, 14.519823711149172, 3.564591775261013, 10.534883149116057, 15.582762509590234, 7.153852431085753, 16.459564647237073], [2.9320110535565655, 4.540867758186278, 9.095828846953799, 14.490973833549512, 14.519823711149172, 0.0, 18.04978740521737, 3.9943030130316988, 1.0633229199614525, 12.654044134617505, 4.583208626798005], [17.58441176759593, 14.354726879474608, 11.137395527262763, 4.399371343884072, 3.564591775261013, 18.04978740521737, 0.0, 14.057451728663787, 19.111394549201908, 9.771512527797297, 20.005201754248827], [4.428450220496095, 2.4586415858725315, 6.063195882990515, 10.544817266591192, 10.534883149116057, 3.9943030130316988, 14.057451728663787, 0.0, 5.054509663254948, 9.548007062864643, 7.052245702921517], [3.4003024978475205, 5.504176575153868, 10.057824479198548, 15.530713091016105, 15.582762509590234, 1.0633229199614525, 19.111394549201908, 5.054509663254948, 0.0, 13.602695075787532, 4.419796946589215], [10.780541936807209, 8.113206806669394, 3.5667250977120677, 9.540068357062816, 7.153852431085753, 12.654044134617505, 9.771512527797297, 9.548007062864643, 13.602695075787532, 0.0, 12.495765471721226], [2.638057162308244, 5.7252200182734825, 9.362303440172356, 17.12787194494329, 16.459564647237073, 4.583208626798005, 20.005201754248827, 7.052245702921517, 4.419796946589215, 12.495765471721226, 0.0]]