[[0.0, 0.021240930499205946, 0.09076255585580506, 0.23487081523922704, 1.985479912869871, 1.4266656305864651, 1.976807689941913, 1.991510597449556, 1.2114251255504984, 1.3290519157666458, 0.11407423605905453], [0.021240930499205946, 0.0, 0.1954183405290969, 0.11911920172043267, 1.9993571272025008, 1.2321863823767665, 1.9121621226321055, 1.9437928773851225, 1.407313618786198, 1.1284655306156275, 0.22798310062331928], [0.09076255585580506, 0.1954183405290969, 0.0, 0.5723475614558255, 1.8253545619410416, 1.7644260093445996, 1.9772829265393685, 1.95564546772192, 0.7853680603109664, 1.6922824468728894, 0.0014021796185436086], [0.23487081523922704, 0.11911920172043267, 0.5723475614558255, 0.0, 1.8633446058232321, 0.7441260704443184, 1.6095181301038763, 1.6749130338224543, 1.7910889795993303, 0.6437467453979656, 0.6207998240035622], [1.985479912869871, 1.9993571272025008, 1.8253545619410416, 1.8633446058232321, 0.0, 0.733091127720296, 0.0737312644828988, 0.04496358765583486, 0.6256910182030148, 0.8360625915979832, 1.7943078959573142], [1.4266656305864651, 1.2321863823767665, 1.7644260093445996, 0.7441260704443184, 0.733091127720296, 2.220446049250313e-16, 0.38957892759947854, 0.459359852327037, 1.7937567062729052, 0.0055603190187830664, 1.7974836466914215], [1.976807689941913, 1.9121621226321055, 1.9772829265393685, 1.6095181301038763, 0.0737312644828988, 0.38957892759947854, 0.0, 0.003643871226647777, 1.0027565019004223, 0.4763849145658896, 1.964693058325886], [1.991510597449556, 1.9437928773851225, 1.95564546772192, 1.6749130338224543, 0.04496358765583486, 0.459359852327037, 0.003643871226647777, 0.0, 0.9174563093494665, 0.5509565408006492, 1.9387143151555621], [1.2114251255504984, 1.407313618786198, 0.7853680603109664, 1.7910889795993303, 0.6256910182030148, 1.7937567062729052, 1.0027565019004223, 0.9174563093494665, 1.1102230246251565e-16, 1.8533950624800952, 0.7339650898699692], [1.3290519157666458, 1.1284655306156275, 1.6922824468728894, 0.6437467453979656, 0.8360625915979832, 0.0055603190187830664, 0.4763849145658896, 0.5509565408006492, 1.8533950624800952, 0.0, 1.7295129499603665], [0.11407423605905453, 0.22798310062331928, 0.0014021796185436086, 0.6207998240035622, 1.7943078959573142, 1.7974836466914215, 1.964693058325886, 1.9387143151555621, 0.7339650898699692, 1.7295129499603665, 1.1102230246251565e-16]]