[[0.0, 1.7871972083973025, 17.226024827780975, 8.697910674971885, 32.504457769383826, 9.88040179891618, 18.883171629558237, 26.90217987399849, 9.982995720307327, 20.374505846022075, 16.112726754543047], [1.7871972083973025, 0.0, 18.992558193879788, 8.075064730271345, 31.420351936493702, 8.226388226186396, 17.470607014349792, 25.523515284252984, 9.731612361268889, 18.60425743355241, 17.89563099090172], [17.226024827780975, 18.992558193879788, 0.0, 21.431803053018548, 46.71655686144743, 26.989866709028806, 35.119159536560765, 42.779203823850146, 22.962099012210544, 37.2045256495183, 1.8249131199149284], [8.697910674971885, 8.075064730271345, 21.431803053018548, 0.0, 37.07355181064322, 12.483996129847103, 22.12713612880247, 29.980217168832706, 17.6022504817442, 17.169591080693984, 20.96523659559172], [32.504457769383826, 31.420351936493702, 46.71655686144743, 37.07355181064322, 0.0, 24.590142988258773, 15.13579651216024, 8.76963774799642, 23.874023624213994, 28.075540416757324, 45.03068624949162], [9.88040179891618, 8.226388226186396, 26.989866709028806, 12.483996129847103, 24.590142988258773, 0.0, 9.761613638977744, 17.776583630126108, 9.416075667197175, 12.507284978805107, 25.75418985073918], [18.883171629558237, 17.470607014349792, 35.119159536560765, 22.12713612880247, 15.13579651216024, 9.761613638977744, 0.0, 8.06584995713218, 13.055730800746437, 14.653926975090023, 33.65731711763601], [26.90217987399849, 25.523515284252984, 42.779203823850146, 29.980217168832706, 8.76963774799642, 17.776583630126108, 8.06584995713218, 0.0, 20.076248166134487, 19.367085472151935, 41.245283322237036], [9.982995720307327, 9.731612361268889, 22.962099012210544, 17.6022504817442, 23.874023624213994, 9.416075667197175, 13.055730800746437, 20.076248166134487, 0.0, 21.786879923024028, 21.340710454000533], [20.374505846022075, 18.60425743355241, 37.2045256495183, 17.169591080693984, 28.075540416757324, 12.507284978805107, 14.653926975090023, 19.367085472151935, 21.786879923024028, 0.0, 36.298838508448085], [16.112726754543047, 17.89563099090172, 1.8249131199149284, 20.96523659559172, 45.03068624949162, 25.75418985073918, 33.65731711763601, 41.245283322237036, 21.340710454000533, 36.298838508448085, 0.0]]