[[1.1102230246251565e-16, 0.06839442996734424, 0.6963712343524142, 1.8791983357390394, 1.688421903330882, 1.9078825902653065, 1.9363285713648635, 1.8116274794295508, 1.985547398386763, 0.33787402808303224, 0.0021737136856191386], [0.06839442996734424, 0.0, 0.3708262050741099, 1.9922439232882905, 1.3777084622696998, 1.9981643742185815, 1.9999126372883593, 1.9684473925919777, 1.8565695201362908, 0.6555421076152311, 0.04646704135048796], [0.6963712343524142, 0.3708262050741099, 0.0, 1.7209125813498645, 0.5179558265276561, 1.6750923788166838, 1.6188448778017737, 1.8030301192096558, 1.137837940887524, 1.5129735483823237, 0.6342431263700772], [1.8791983357390394, 1.9922439232882905, 1.7209125813498645, 1.1102230246251565e-16, 0.7403191097817177, 0.0020491120867324186, 0.009485850000152896, 0.008084642827638544, 0.21421995951968975, 1.2250875010485731, 1.9086852691750877], [1.688421903330882, 1.3777084622696998, 0.5179558265276561, 0.7403191097817177, 0.0, 0.6790616778931962, 0.6100855849379181, 0.864966362499458, 0.19866006375112788, 1.999364288738712, 1.6391281034810996], [1.9078825902653065, 1.9981643742185815, 1.6750923788166838, 0.0020491120867324186, 0.6790616778931962, 0.0, 0.0027233556088918087, 0.01823690983493209, 0.176255266995883, 1.2869689057867448, 1.9335356672031687], [1.9363285713648635, 1.9999126372883593, 1.6188448778017737, 0.009485850000152896, 0.6100855849379181, 0.0027233556088918087, 0.0, 0.03493139945564372, 0.13668436158236907, 1.3568369618914708, 1.9574321156497938], [1.8116274794295508, 1.9684473925919777, 1.8030301192096558, 0.008084642827638544, 0.864966362499458, 0.01823690983493209, 0.03493139945564372, 0.0, 0.2990618933371477, 1.0996229803262307, 1.848359911775104], [1.985547398386763, 1.8565695201362908, 1.137837940887524, 0.21421995951968975, 0.19866006375112788, 0.176255266995883, 0.13668436158236907, 0.2990618933371477, 0.0, 1.7795035511345538, 1.9722417855972592], [0.33787402808303224, 0.6555421076152311, 1.5129735483823237, 1.2250875010485731, 1.999364288738712, 1.2869689057867448, 1.3568369618914708, 1.0996229803262307, 1.7795035511345538, 0.0, 0.38869765742056805], [0.0021737136856191386, 0.04646704135048796, 0.6342431263700772, 1.9086852691750877, 1.6391281034810996, 1.9335356672031687, 1.9574321156497938, 1.848359911775104, 1.9722417855972592, 0.38869765742056805, 2.220446049250313e-16]]