[[0.0, 0.617606752806271, 1.0776252457513391, 1.124614458311518, 1.259469702110583, 0.8872793752179432, 1.5223187914338907, 1.2665038839266154, 0.9515954110981631, 0.9968433473110657, 0.5514347433372692], [0.617606752806271, 0.0, 0.7350060985443723, 1.02927946942945, 0.9817019930018573, 1.011762687135443, 1.5404621347035352, 1.3986358993090224, 0.9152453721300164, 1.161737193383755, 0.807572310215537], [1.0776252457513391, 0.7350060985443723, 1.1102230246251565e-16, 1.0237676626633623, 0.7789979871345889, 1.4102812314714943, 1.2332343191199957, 1.4029372515391842, 1.1289817100969963, 1.3553244196924032, 0.9077884929275302], [1.124614458311518, 1.02927946942945, 1.0237676626633623, 0.0, 1.1720329055768952, 1.065251101100166, 0.9841137930229618, 1.1920343583860409, 1.0941447517061993, 1.33469354194806, 1.0405675629402922], [1.259469702110583, 0.9817019930018573, 0.7789979871345889, 1.1720329055768952, 0.0, 1.2359943575085697, 0.9215473913932086, 1.1735945397517304, 1.2864660539676311, 1.271821803313726, 1.19049333120729], [0.8872793752179432, 1.011762687135443, 1.4102812314714943, 1.065251101100166, 1.2359943575085697, 0.0, 0.9867661984669002, 0.7776084239958174, 0.6734440071779787, 1.0865056009518128, 1.1306722432459988], [1.5223187914338907, 1.5404621347035352, 1.2332343191199957, 0.9841137930229618, 0.9215473913932086, 0.9867661984669002, 2.220446049250313e-16, 0.6240974414613849, 1.1361286545781948, 1.0807163216539748, 1.5345743601283126], [1.2665038839266154, 1.3986358993090224, 1.4029372515391842, 1.1920343583860409, 1.1735945397517304, 0.7776084239958174, 0.6240974414613849, 0.0, 1.0285478764909433, 0.8401897521055175, 1.4866009369652304], [0.9515954110981631, 0.9152453721300164, 1.1289817100969963, 1.0941447517061993, 1.2864660539676311, 0.6734440071779787, 1.1361286545781948, 1.0285478764909433, 1.1102230246251565e-16, 1.1258893635177363, 0.9907113549913353], [0.9968433473110657, 1.161737193383755, 1.3553244196924032, 1.33469354194806, 1.271821803313726, 1.0865056009518128, 1.0807163216539748, 0.8401897521055175, 1.1258893635177363, 0.0, 1.142928274971004], [0.5514347433372692, 0.807572310215537, 0.9077884929275302, 1.0405675629402922, 1.19049333120729, 1.1306722432459988, 1.5345743601283126, 1.4866009369652304, 0.9907113549913353, 1.142928274971004, 2.220446049250313e-16]]