[[0.0, 0.01939786215223327, 0.1422596727985126, 1.8466872487834305, 1.8977711611036563, 1.7447959523934236, 1.9877478486028042, 1.9669980194418448, 1.7563180657739477, 0.3544858235008135, 0.006201494563072618], [0.01939786215223327, 0.0, 0.05813317451638356, 1.9345578174908735, 1.79402185697097, 1.8611436584399446, 1.9991764477377796, 1.9981802080387472, 1.869876865576407, 0.21730603774715251, 0.04727443734163039], [0.1422596727985126, 0.05813317451638356, 0.0, 1.999776776395143, 1.5436203188306385, 1.9818852719233897, 1.927458103355011, 1.9604133135234956, 1.985039830651798, 0.05368629900679456, 0.20474289386724054], [1.8466872487834305, 1.9345578174908735, 1.999776776395143, 0.0, 0.4742345199822624, 0.014330627891849135, 0.08064930290215899, 0.04568692375553485, 0.011539112111740413, 1.9529321196762979, 1.7822701925445332], [1.8977711611036563, 1.79402185697097, 1.5436203188306385, 0.4742345199822624, 0.0, 0.6252606939434551, 0.1819662402820459, 0.2440797357125476, 0.6091516165178814, 1.2431217667792929, 1.941181232730009], [1.7447959523934236, 1.8611436584399446, 1.9818852719233897, 0.014330627891849135, 0.6252606939434551, 0.0, 0.1601929128647348, 0.10976846610546298, 0.0001520300100815719, 1.9904196838853343, 1.6659769312657144], [1.9877478486028042, 1.9991764477377796, 1.927458103355011, 0.08064930290215899, 0.1819662402820459, 0.1601929128647348, 0.0, 0.005088650439113995, 0.15085449184376343, 1.7567944853268487, 1.9642692928050705], [1.9669980194418448, 1.9981802080387472, 1.9604133135234956, 0.04568692375553485, 0.2440797357125476, 0.10976846610546298, 0.005088650439113995, 0.0, 0.10196126724705135, 1.8188016897681083, 1.9326702598069065], [1.7563180657739477, 1.869876865576407, 1.985039830651798, 0.011539112111740413, 0.6091516165178814, 0.0001520300100815719, 0.15085449184376343, 0.10196126724705135, 0.0, 1.987861282697236, 1.6788829444060693], [0.3544858235008135, 0.21730603774715251, 0.05368629900679456, 1.9529321196762979, 1.2431217667792929, 1.9904196838853343, 1.7567944853268487, 1.8188016897681083, 1.987861282697236, 0.0, 0.44341466274397057], [0.006201494563072618, 0.04727443734163039, 0.20474289386724054, 1.7822701925445332, 1.941181232730009, 1.6659769312657144, 1.9642692928050705, 1.9326702598069065, 1.6788829444060693, 0.44341466274397057, 0.0]]