[[0.0, 0.004196908832362678, 1.9988253567134708, 1.9982248431638383, 1.9998593251558507, 0.0001561021312894706, 1.9991444436269434, 1.805460271268577, 0.006081446643772748, 1.9154834306065838, 6.836027610535034e-06], [0.004196908832362678, 0.0, 1.9901986798676665, 1.9885845354591642, 1.994127924797565, 0.005969415607232631, 1.9911660894770815, 1.7478395714865216, 0.02033098110335374, 1.9484654659303098, 0.0045421235086869904], [1.9988253567134708, 1.9901986798676665, 0.0, 6.181701300622677e-05, 0.0005024189961910785, 1.9995255742051037, 2.524493230271485e-05, 0.16676889171513254, 1.9980868295250895, 0.10508816208121652, 1.9989976951230823], [1.9982248431638383, 1.9885845354591642, 6.181701300622677e-05, 1.1102230246251565e-16, 0.000916621067873602, 1.9991213264642296, 0.0001660666724960791, 0.16067247650251726, 1.9987125889961028, 0.11010521935953643, 1.9984382392423823], [1.9998593251558507, 1.994127924797565, 0.0005024189961910785, 0.000916621067873602, 0.0, 1.9999995987225163, 0.00030243856978318107, 0.18471258624834486, 1.9956257263942758, 0.0913940230596888, 1.9999145089964183], [0.0001561021312894706, 0.005969415607232631, 1.9995255742051037, 1.9991213264642296, 1.9999995987225163, 0.0, 1.9997191914712222, 1.815805836813973, 0.004290972277758209, 1.9082314548955994, 9.76061942614681e-05], [1.9991444436269434, 1.9911660894770815, 2.524493230271485e-05, 0.0001660666724960791, 0.00030243856978318107, 1.9997191914712222, 0.0, 0.17071877697931348, 1.9976223104621318, 0.10193994008605356, 1.9992905328397788], [1.805460271268577, 1.7478395714865216, 0.16676889171513254, 0.16067247650251726, 0.18471258624834486, 1.815805836813973, 0.17071877697931348, 0.0, 1.8658231412025987, 0.501070465729504, 1.8076461278993905], [0.006081446643772748, 0.02033098110335374, 1.9980868295250895, 1.9987125889961028, 1.9956257263942758, 0.004290972277758209, 1.9976223104621318, 1.8658231412025987, 0.0, 1.8656094829504588, 0.005681073399800507], [1.9154834306065838, 1.9484654659303098, 0.10508816208121652, 0.11010521935953643, 0.0913940230596888, 1.9082314548955994, 0.10193994008605356, 0.501070465729504, 1.8656094829504588, 0.0, 1.9139894349062867], [6.836027610535034e-06, 0.0045421235086869904, 1.9989976951230823, 1.9984382392423823, 1.9999145089964183, 9.76061942614681e-05, 1.9992905328397788, 1.8076461278993905, 0.005681073399800507, 1.9139894349062867, 0.0]]