[[0.0, 6.311932852864693, 15.287464282041473, 25.59962098232794, 28.00310443058837, 0.34967180483012783, 38.25512494037515, 10.24229028368202, 3.1212898988283544, 11.29599875866732, 15.7624136885713], [6.311932852864693, 0.0, 8.98366545133062, 19.28924371856463, 21.699286642519535, 6.021177627288829, 31.94553765379712, 3.947223319862081, 9.250450263794544, 5.056951063086811, 22.068871442031693], [15.287464282041473, 8.98366545133062, 0.0, 10.31947284466438, 12.716192014532618, 14.987621564700651, 22.970155305452383, 5.045814813630788, 18.1392865737294, 4.074917582213202, 31.04945979632326], [25.59962098232794, 19.28924371856463, 10.31947284466438, 0.0, 2.4975868012699896, 25.302944858854662, 12.656735097166669, 15.3631293060118, 28.456278041159624, 14.371531961254624, 41.35763870171926], [28.00310443058837, 21.699286642519535, 12.716192014532618, 2.4975868012699896, 0.0, 27.701749850767897, 10.27232602715179, 17.76081811026424, 30.826000513247255, 16.73752503267745, 43.765408831506264], [0.34967180483012783, 6.021177627288829, 14.987621564700651, 25.302944858854662, 27.701749850767897, 0.0, 37.95718444891375, 9.94181186731103, 3.3252526649238043, 10.985718824941774, 16.06610088679353], [38.25512494037515, 31.94553765379712, 22.970155305452383, 12.656735097166669, 10.27232602715179, 37.95718444891375, 0.0, 28.015751954599104, 41.095266677498294, 27.00589673938832, 54.01422126552297], [10.24229028368202, 3.947223319862081, 5.045814813630788, 15.3631293060118, 17.76081811026424, 9.94181186731103, 28.015751954599104, 0.0, 13.10740236100444, 1.2137852502349844, 26.00465542402807], [3.1212898988283544, 9.250450263794544, 18.1392865737294, 28.456278041159624, 30.826000513247255, 3.3252526649238043, 41.095266677498294, 13.10740236100444, 0.0, 14.089389448445388, 13.054086741261196], [11.29599875866732, 5.056951063086811, 4.074917582213202, 14.371531961254624, 16.73752503267745, 10.985718824941774, 27.00589673938832, 1.2137852502349844, 14.089389448445388, 0.0, 27.049494535366172], [15.7624136885713, 22.068871442031693, 31.04945979632326, 41.35763870171926, 43.765408831506264, 16.06610088679353, 54.01422126552297, 26.00465542402807, 13.054086741261196, 27.049494535366172, 0.0]]