[[0.0, 0.01677219927327178, 1.861573006063404, 1.9920835609577359, 1.8311578432157611, 0.18557307885503482, 1.9492143484593236, 0.06478610406026908, 0.4359995530728744, 1.744720229318139, 0.01308746240468528], [0.01677219927327178, 1.1102230246251565e-16, 1.7545394277198687, 1.9983475410228895, 1.9186283998825922, 0.09340287314888363, 1.9906767211754377, 0.015893380257216427, 0.2948529103185167, 1.8539469602675132, 0.0002299271334502695], [1.861573006063404, 1.7545394277198687, 0.0, 0.20899596255965092, 0.566159717369415, 1.4071256147750355, 0.3418993933905925, 1.626010448673134, 1.0667366193530106, 0.697152090700625, 1.7684379955178504], [1.9920835609577359, 1.9983475410228895, 0.20899596255965092, 1.1102230246251565e-16, 0.10559518192180961, 1.8808490851233644, 0.018788957699773734, 1.972275929475682, 1.6632359093700453, 0.1773664666491157, 1.9993502074363683], [1.8311578432157611, 1.9186283998825922, 0.566159717369415, 0.10559518192180961, 0.0, 1.9995665015576758, 0.03610719712096144, 1.9741936081765035, 1.927934185423399, 0.009934055615735016, 1.909944576359969], [0.18557307885503482, 0.09340287314888363, 1.4071256147750355, 1.8808490851233644, 1.9995665015576758, 0.0, 1.955634931361672, 0.03287408921837942, 0.061493883260146376, 1.9937763556377237, 0.10266020236161433], [1.9492143484593236, 1.9906767211754377, 0.3418993933905925, 0.018788957699773734, 0.03610719712096144, 1.955634931361672, 0.0, 1.9991237182846238, 1.795170852116653, 0.08312402440149835, 1.987527680151938], [0.06478610406026908, 0.015893380257216427, 1.626010448673134, 1.972275929475682, 1.9741936081765035, 0.03287408921837942, 1.9991237182846238, 0.0, 0.1801460078210927, 1.9327796695864194, 0.019927467586055236], [0.4359995530728744, 0.2948529103185167, 1.0667366193530106, 1.6632359093700453, 1.927934185423399, 0.061493883260146376, 1.795170852116653, 0.1801460078210927, 2.220446049250313e-16, 1.9711252656648404, 0.31021942497286537], [1.744720229318139, 1.8539469602675132, 0.697152090700625, 0.1773664666491157, 0.009934055615735016, 1.9937763556377237, 0.08312402440149835, 1.9327796695864194, 1.9711252656648404, 0.0, 1.8425925442822952], [0.01308746240468528, 0.0002299271334502695, 1.7684379955178504, 1.9993502074363683, 1.909944576359969, 0.10266020236161433, 1.987527680151938, 0.019927467586055236, 0.31021942497286537, 1.8425925442822952, 0.0]]