[[0.0, 3.2608738027176036, 8.892062617695045, 14.721880931163065, 12.780635802688861, 4.023376328578563, 16.631399531779884, 4.301028599916686, 6.19933405486902, 10.715536542926985, 1.836638477535246], [3.2608738027176036, 0.0, 5.648489781274262, 11.621241729924485, 10.035681565384055, 3.1520616865121074, 13.688328462163772, 1.0455698250712482, 4.576587041481058, 8.006862813761279, 4.501552555346825], [8.892062617695045, 5.648489781274262, 0.0, 6.246626622887561, 5.866854928720516, 7.338664579626186, 8.648844186143956, 4.64150734236235, 6.897231741267679, 4.437113226185954, 10.086175933426567], [14.721880931163065, 11.621241729924485, 6.246626622887561, 0.0, 3.567685866654734, 13.584945366635852, 2.70383075284538, 10.700900788026802, 13.005927253184248, 4.870908468309975, 16.122794095294868], [12.780635802688861, 10.035681565384055, 5.866854928720516, 3.567685866654734, 0.0, 12.605697675465649, 4.0982565946126694, 9.313301014681919, 12.617544191655586, 2.065284798734765, 14.40019180822076], [4.023376328578563, 3.1520616865121074, 7.338664579626186, 13.584945366635852, 12.605697675465649, 0.0, 15.92082235725171, 3.4164641719100857, 2.203895557029368, 10.673084495578353, 3.8578603557880644], [16.631399531779884, 13.688328462163772, 8.648844186143956, 2.70383075284538, 4.0982565946126694, 15.92082235725171, 0.0, 12.845917363218252, 15.517846491908104, 6.060436700875761, 18.1573462030057], [4.301028599916686, 1.0455698250712482, 4.64150734236235, 10.700900788026802, 9.313301014681919, 3.4164641719100857, 12.845917363218252, 0.0, 4.332288580904754, 7.327516476644471, 5.453434377755397], [6.19933405486902, 4.576587041481058, 6.897231741267679, 13.005927253184248, 12.617544191655586, 2.203895557029368, 15.517846491908104, 4.332288580904754, 0.0, 10.856446715386161, 6.010588070079943], [10.715536542926985, 8.006862813761279, 4.437113226185954, 4.870908468309975, 2.065284798734765, 10.673084495578353, 6.060436700875761, 7.327516476644471, 10.856446715386161, 0.0, 12.341889275115804], [1.836638477535246, 4.501552555346825, 10.086175933426567, 16.122794095294868, 14.40019180822076, 3.8578603557880644, 18.1573462030057, 5.453434377755397, 6.010588070079943, 12.341889275115804, 0.0]]