[[2.220446049250313e-16, 0.002494445876161544, 0.0035987948688545046, 1.923854120210339, 1.7117281900167929, 1.4727433191153165, 1.9567017942279126, 1.9733626672544193, 1.6781261272989716, 0.2889752120534952, 0.021893658642637592], [0.002494445876161544, 0.0, 0.01206746344458387, 1.9485668146134203, 1.7595377325727104, 1.4093619049117363, 1.9748614020273667, 1.9547508906343796, 1.6245562226693546, 0.34038399180467116, 0.009643720850643023], [0.0035987948688545046, 0.01206746344458387, 0.0, 1.8880870516224832, 1.6496251650940004, 1.545734519516611, 1.9285870835609167, 1.989293246097664, 1.737981325919039, 0.2319320346634257, 0.04305316987820906], [1.923854120210339, 1.9485668146134203, 1.8880870516224832, 0.0, 0.07360600847458243, 0.900528902855633, 0.004741627948328109, 0.1885071059353458, 0.6548069525942835, 1.387749704568522, 1.983278945686678], [1.7117281900167929, 1.7595377325727104, 1.6496251650940004, 0.07360600847458243, 1.1102230246251565e-16, 1.2825386971116868, 0.1146248777971467, 0.46828279129918315, 1.0336246695263647, 1.0121132716057792, 1.8423307434583847], [1.4727433191153165, 1.4093619049117363, 1.545734519516611, 0.900528902855633, 1.2825386971116868, 0.0, 0.8042164513887909, 0.33781579704446174, 0.0317862576939828, 1.9557630545221658, 1.2790104527606891], [1.9567017942279126, 1.9748614020273667, 1.9285870835609167, 0.004741627948328109, 0.1146248777971467, 0.8042164513887909, 0.0, 0.13551602637900517, 0.5651560315298763, 1.4755679701337943, 1.9963293953549797], [1.9733626672544193, 1.9547508906343796, 1.989293246097664, 0.1885071059353458, 0.46828279129918315, 0.33781579704446174, 0.13551602637900517, 1.1102230246251565e-16, 0.17143576145548656, 1.8533006598356536, 1.9043396272246544], [1.6781261272989716, 1.6245562226693546, 1.737981325919039, 0.6548069525942835, 1.0336246695263647, 0.0317862576939828, 0.5651560315298763, 0.17143576145548656, 0.0, 1.9989538992889408, 1.5103331034212004], [0.2889752120534952, 0.34038399180467116, 0.2319320346634257, 1.387749704568522, 1.0121132716057792, 1.9557630545221658, 1.4755679701337943, 1.8533006598356536, 1.9989538992889408, 0.0, 0.4508751995475019], [0.021893658642637592, 0.009643720850643023, 0.04305316987820906, 1.983278945686678, 1.8423307434583847, 1.2790104527606891, 1.9963293953549797, 1.9043396272246544, 1.5103331034212004, 0.4508751995475019, 0.0]]