[[0.0, 4.800147765880327, 7.850133926007795, 22.526978917440644, 20.654517122924165, 16.625545047628837, 26.53185405729389, 20.12164110903163, 19.3979562106953, 9.152461126157263, 4.464544331695273], [4.800147765880327, 0.0, 3.2309020168238263, 17.98339206075601, 16.45457188012716, 11.971943842251106, 21.94825131561486, 15.32538820610843, 14.721235417978528, 8.03353365572156, 8.194406391049059], [7.850133926007795, 3.2309020168238263, 0.0, 14.76074102211004, 13.261994554075319, 9.795348260735096, 18.736783408416613, 12.394533333402117, 12.41407078923961, 7.450567940502518, 11.4240591797463], [22.526978917440644, 17.98339206075601, 14.76074102211004, 0.0, 3.807119442479871, 11.272909363214893, 4.0310049521379065, 5.962469224489777, 10.604394683187284, 17.238126873840628, 26.151001681544795], [20.654517122924165, 16.45457188012716, 13.261994554075319, 3.807119442479871, 0.0, 12.590431572323252, 7.12897613843305, 8.332750119037112, 12.719849223149641, 14.258940651118946, 24.618572971630297], [16.625545047628837, 11.971943842251106, 9.795348260735096, 11.272909363214893, 12.590431572323252, 0.0, 14.105790115964405, 5.6687808259998915, 2.780725888561455, 16.505554817139963, 18.781816880421655], [26.53185405729389, 21.94825131561486, 18.736783408416613, 4.0310049521379065, 7.12897613843305, 14.105790115964405, 0.0, 8.440581961332422, 12.762979521565754, 21.160987832251568, 30.088965931251316], [20.12164110903163, 15.32538820610843, 12.394533333402117, 5.962469224489777, 8.332750119037112, 5.6687808259998915, 8.440581961332422, 0.0, 4.642093727146173, 17.326616496580556, 23.04999510838525], [19.3979562106953, 14.721235417978528, 12.41407078923961, 10.604394683187284, 12.719849223149641, 2.780725888561455, 12.762979521565754, 4.642093727146173, 0.0, 18.804594946234506, 21.539464158089952], [9.152461126157263, 8.03353365572156, 7.450567940502518, 17.238126873840628, 14.258940651118946, 16.505554817139963, 21.160987832251568, 17.326616496580556, 18.804594946234506, 0.0, 13.602786947089054], [4.464544331695273, 8.194406391049059, 11.4240591797463, 26.151001681544795, 24.618572971630297, 18.781816880421655, 30.088965931251316, 23.04999510838525, 21.539464158089952, 13.602786947089054, 0.0]]