[[2.220446049250313e-16, 0.39787842969054743, 1.7112766605802308, 1.9063808284509436, 1.9412291357935234, 0.2892913246496863, 1.973855729700484, 0.41755263628188644, 0.2633933720587527, 1.1560664175531723, 0.0031396788161712763], [0.39787842969054743, 1.1102230246251565e-16, 1.9894831979770604, 1.883046646444254, 1.8364104103149586, 0.010400290450436334, 1.76775097960609, 0.00029814088281199247, 0.01649524342455022, 1.8825921763427726, 0.3365510968186811], [1.7112766605802308, 1.9894831979770604, 0.0, 0.05835908115195154, 0.0931039351544074, 1.9999996737976, 0.14764043498026902, 1.9856563171422805, 1.9993256627553504, 0.1946945241258745, 1.7647001882909303], [1.9063808284509436, 1.883046646444254, 0.05835908115195154, 0.0, 0.004193642538087294, 1.9413687191880762, 0.02134634544637448, 1.8713248081357285, 1.953365951063531, 0.44125940892885374, 1.9369856661080904], [1.9412291357935234, 1.8364104103149586, 0.0931039351544074, 0.004193642538087294, 0.0, 1.9065554344416178, 0.006648576653199623, 1.8227779614907595, 1.9217558490354074, 0.5194758399417236, 1.9650185655086374], [0.2892913246496863, 0.010400290450436334, 1.9999996737976, 1.9413687191880762, 1.9065554344416178, 0.0, 1.8519368870430868, 0.014207690238499215, 0.0007043210236705733, 1.8057840756023098, 0.23582054205296676], [1.973855729700484, 1.76775097960609, 0.14764043498026902, 0.02134634544637448, 0.006648576653199623, 1.8519368870430868, 1.1102230246251565e-16, 1.7518768902559394, 1.8709867510776443, 0.6236300279164462, 1.98878528816661], [0.41755263628188644, 0.00029814088281199247, 1.9856563171422805, 1.8713248081357285, 1.8227779614907595, 0.014207690238499215, 1.7518768902559394, 0.0, 0.021205079735530763, 1.8938084619000688, 0.3550182704980951], [0.2633933720587527, 0.01649524342455022, 1.9993256627553504, 1.953365951063531, 1.9217558490354074, 0.0007043210236705733, 1.8709867510776443, 0.021205079735530763, 0.0, 1.7829937250044345, 0.21215483143177571], [1.1560664175531723, 1.8825921763427726, 0.1946945241258745, 0.44125940892885374, 0.5194758399417236, 1.8057840756023098, 0.6236300279164462, 1.8938084619000688, 1.7829937250044345, 2.220446049250313e-16, 1.2337863644681821], [0.0031396788161712763, 0.3365510968186811, 1.7647001882909303, 1.9369856661080904, 1.9650185655086374, 0.23582054205296676, 1.98878528816661, 0.3550182704980951, 0.21215483143177571, 1.2337863644681821, 0.0]]