[[0.0, 4.92858222852141, 8.393637836624295, 11.759044530951945, 11.589783613259858, 5.217075858499344, 13.611293048428761, 5.36437633161883, 5.06388481388159, 7.958162812835798, 2.735719513316121], [4.92858222852141, 0.0, 5.345931612109002, 8.211236378623322, 7.8534661011284905, 5.039004771782468, 9.640729404281785, 3.4315931713583376, 5.174896735026418, 6.567642721013979, 7.307006094210903], [8.393637836624295, 5.345931612109002, 0.0, 3.38440495801245, 3.307706114875372, 10.363322447463844, 5.390351013003299, 8.761727745670546, 10.477475910943145, 2.6703248483606865, 11.129346574560714], [11.759044530951945, 8.211236378623322, 3.38440495801245, 0.0, 0.6115396668267358, 13.218067162403786, 2.1784544212851498, 11.454314801313465, 13.372977495682445, 5.141185586594571, 14.493569174372603], [11.589783613259858, 7.8534661011284905, 3.307706114875372, 0.6115396668267358, 0.0, 12.827812798084244, 2.0839800344928965, 11.036793799738929, 12.991956322109735, 5.337452383778857, 14.317852799196116], [5.217075858499344, 5.039004771782468, 10.363322447463844, 13.218067162403786, 12.827812798084244, 0.0, 14.501582090127991, 1.917504241397904, 0.30069552687745094, 11.204792760524258, 5.623460366652049], [13.611293048428761, 9.640729404281785, 5.390351013003299, 2.1784544212851498, 2.0839800344928965, 14.501582090127991, 0.0, 12.650684641454857, 14.687562072947534, 7.319165658319875, 16.32965905586926], [5.36437633161883, 3.4315931713583376, 8.761727745670546, 11.454314801313465, 11.036793799738929, 1.917504241397904, 12.650684641454857, 0.0, 2.162003324053052, 9.910764097848002, 6.608588805068866], [5.06388481388159, 5.174896735026418, 10.477475910943145, 13.372977495682445, 12.991956322109735, 0.30069552687745094, 14.687562072947534, 2.162003324053052, 0.0, 11.250778298965967, 5.36249366072004], [7.958162812835798, 6.567642721013979, 2.6703248483606865, 5.141185586594571, 5.337452383778857, 11.204792760524258, 7.319165658319875, 9.910764097848002, 11.250778298965967, 0.0, 10.585455621611567], [2.735719513316121, 7.307006094210903, 11.129346574560714, 14.493569174372603, 14.317852799196116, 5.623460366652049, 16.32965905586926, 6.608588805068866, 5.36249366072004, 10.585455621611567, 0.0]]