[[0.0, 0.0190184480485871, 0.5388097660464265, 0.8610247802227831, 0.25315727923642206, 1.6390229658896047, 1.9821642670780693, 1.974188375868844, 1.538762651693891, 1.570044960576733, 0.0033806128257359847], [0.0190184480485871, 0.0, 0.7198069470930525, 0.6714504655506469, 0.3964383664855884, 1.477569654605128, 1.9999808409807884, 1.9994765208012297, 1.692038076973097, 1.3997275955437387, 0.006387982848907625], [0.5388097660464265, 0.7198069470930525, 1.1102230246251565e-16, 1.814596772809719, 0.06550744312374546, 1.9772123451158174, 1.28612985785298, 1.2489897983848819, 0.5009583648132486, 1.9919178817618965, 0.6132670153151549], [0.8610247802227831, 0.6714504655506469, 1.814596772809719, 0.0, 1.5547548226394028, 0.3270850073149706, 1.3226967469578417, 1.3589340544993447, 1.9091569290002688, 0.2655816772353097, 0.7801347173350688], [0.25315727923642206, 0.3964383664855884, 0.06550744312374546, 1.5547548226394028, 0.0, 1.9887599909251388, 1.6084855592430096, 1.5774505031258692, 0.8421360596505508, 1.972107493767858, 0.31031662801826265], [1.6390229658896047, 1.477569654605128, 1.9772123451158174, 0.3270850073149706, 1.9887599909251388, 0.0, 0.5170008874607686, 0.5511050535327848, 1.3037262772241338, 0.0037532171900206412, 1.5736684119593538], [1.9821642670780693, 1.9999808409807884, 1.28612985785298, 1.3226967469578417, 1.6084855592430096, 0.5170008874607686, 1.1102230246251565e-16, 0.0007428942805963734, 0.3124435929962065, 0.5946059821776859, 1.9942915373542112], [1.974188375868844, 1.9994765208012297, 1.2489897983848819, 1.3589340544993447, 1.5774505031258692, 0.5511050535327848, 0.0007428942805963734, 0.0, 0.2849701814001254, 0.6301370558762014, 1.9894408968247184], [1.538762651693891, 1.692038076973097, 0.5009583648132486, 1.9091569290002688, 0.8421360596505508, 1.3037262772241338, 0.3124435929962065, 0.2849701814001254, 1.1102230246251565e-16, 1.3850556012599855, 1.60615521808328], [1.570044960576733, 1.3997275955437387, 1.9919178817618965, 0.2655816772353097, 1.972107493767858, 0.0037532171900206412, 0.5946059821776859, 0.6301370558762014, 1.3850556012599855, 0.0, 1.500616436671982], [0.0033806128257359847, 0.006387982848907625, 0.6132670153151549, 0.7801347173350688, 0.31031662801826265, 1.5736684119593538, 1.9942915373542112, 1.9894408968247184, 1.60615521808328, 1.500616436671982, 0.0]]