[[0.0, 0.8145803810980277, 17.23970811080943, 14.492524810392169, 20.426430845633476, 11.417917472007451, 15.372130905476299, 24.4106850150902, 13.15291447771458, 24.646344871732015, 16.300808693378638], [0.8145803810980277, 0.0, 18.04874409910767, 13.702454703047419, 21.20029717173088, 10.750374035178785, 15.194047131436054, 24.26562810587899, 13.453734603400736, 23.885509089282063, 16.54601843332564], [17.23970811080943, 18.04874409910767, 0.0, 31.675999184327402, 8.841928267820624, 26.951674113017376, 24.50662727098261, 30.935500740200688, 16.284581603582765, 40.72937759190164, 21.724551600225038], [14.492524810392169, 13.702454703047419, 31.675999184327402, 0.0, 33.586598670179555, 10.80230016128885, 21.049138904535145, 28.925737973702407, 24.38653630525968, 15.073280678023082, 22.272752728787705], [20.426430845633476, 21.20029717173088, 8.841928267820624, 33.586598670179555, 0.0, 31.58600826974366, 31.50283955102956, 38.831563715687345, 24.006019389116442, 45.06567118252009, 17.43030511408105], [11.417917472007451, 10.750374035178785, 26.951674113017376, 10.80230016128885, 31.58600826974366, 0.0, 10.30774710823296, 18.227516335017658, 15.231728371605898, 13.778084384965524, 26.095431850746213], [15.372130905476299, 15.194047131436054, 24.50662727098261, 21.049138904535145, 31.50283955102956, 10.30774710823296, 0.0, 9.092077578944036, 8.63924056413796, 20.306588515335687, 31.667899626492883], [24.4106850150902, 24.26562810587899, 30.935500740200688, 28.925737973702407, 38.831563715687345, 18.227516335017658, 9.092077578944036, 0.0, 14.825708143450107, 23.86344074778835, 40.674888640943095], [13.15291447771458, 13.453734603400736, 16.284581603582765, 24.38653630525968, 24.006019389116442, 15.231728371605898, 8.63924056413796, 14.825708143450107, 0.0, 27.82354633784796, 28.013978998551554], [24.646344871732015, 23.885509089282063, 40.72937759190164, 15.073280678023082, 45.06567118252009, 13.778084384965524, 20.306588515335687, 23.86344074778835, 27.82354633784796, 0.0, 36.79524990274863], [16.300808693378638, 16.54601843332564, 21.724551600225038, 22.272752728787705, 17.43030511408105, 26.095431850746213, 31.667899626492883, 40.674888640943095, 28.013978998551554, 36.79524990274863, 0.0]]