[[0.0, 6.280958418147585, 15.332841311657146, 25.783619038409668, 28.255396871385884, 0.814869311306706, 38.213737517393504, 10.097199284674838, 3.061213828401674, 11.687626153287571, 15.72895109825509], [6.280958418147585, 0.0, 9.065914831961857, 19.548519928963838, 22.02693156291407, 6.1701472765879695, 31.972546981997702, 3.879326256952531, 9.292823800118871, 5.507803022086739, 21.95878174835443], [15.332841311657146, 9.065914831961857, 0.0, 10.505413590223162, 12.988391701560445, 15.232700349265235, 22.914901228881025, 5.254910637881803, 18.358201166383324, 3.7681092508870955, 31.023284926162724], [25.783619038409668, 19.548519928963838, 10.505413590223162, 0.0, 2.4835214563421246, 25.718469448902482, 12.430321396432836, 15.689015400230366, 28.827088600886896, 14.099263694826671, 41.50233191381882], [28.255396871385884, 22.02693156291407, 12.988391701560445, 2.4835214563421246, 0.0, 28.19639403809213, 9.965138987684634, 18.163765149448285, 31.301398560070606, 16.56850035037778, 43.977489413622315], [0.814869311306706, 6.1701472765879695, 15.232700349265235, 25.718469448902482, 28.19639403809213, 0.0, 38.1425803209764, 10.037627182133344, 3.1535065277114755, 11.652236357005629, 15.790676850794734], [38.213737517393504, 31.972546981997702, 22.914901228881025, 12.430321396432836, 9.965138987684634, 38.1425803209764, 0.0, 28.118170567377366, 41.25583761875858, 26.529397049363933, 53.92982868425807], [10.097199284674838, 3.879326256952531, 5.254910637881803, 15.689015400230366, 18.163765149448285, 10.037627182133344, 28.118170567377366, 0.0, 13.138081387931503, 1.6356969724319792, 25.813765049707513], [3.061213828401674, 9.292823800118871, 18.358201166383324, 28.827088600886896, 31.301398560070606, 3.1535065277114755, 41.25583761875858, 13.138081387931503, 0.0, 14.737565004949309, 12.676555873169569], [11.687626153287571, 5.507803022086739, 3.7681092508870955, 14.099263694826671, 16.56850035037778, 11.652236357005629, 26.529397049363933, 1.6356969724319792, 14.737565004949309, 0.0, 27.41389424879719], [15.72895109825509, 21.95878174835443, 31.023284926162724, 41.50233191381882, 43.977489413622315, 15.790676850794734, 53.92982868425807, 25.813765049707513, 12.676555873169569, 27.41389424879719, 0.0]]