[[0.0, 0.3322711937447653, 1.6614854426785308, 1.6760935252238007, 1.8344893750348163, 0.6778638035929309, 1.9287995682700672, 0.9773896855911446, 0.8094850776413126, 1.3281200489504346, 0.003233304825185024], [0.3322711937447653, 0.0, 1.9999650901749244, 1.999936220741802, 1.967397429894587, 0.08017748773476907, 1.8960495253697665, 0.24068812366460346, 0.14201736821963962, 1.9222866371557574, 0.39424322825212454], [1.6614854426785308, 1.9999650901749244, 1.1102230246251565e-16, 0.0001930566163493852, 0.0347525432539022, 1.9230686494293538, 0.10769132171881435, 1.7647226751017402, 1.8622448466360464, 0.07451601003811792, 1.5990873794178198], [1.6760935252238007, 1.999936220741802, 0.0001930566163493852, 0.0, 0.029803916072916548, 1.9153328179281002, 0.09899360608531771, 1.7519141382231709, 1.8521264227961185, 0.08213739146129384, 1.6147042072327076], [1.8344893750348163, 1.967397429894587, 0.0347525432539022, 0.029803916072916548, 0.0, 1.7904700110980558, 0.020726786016401988, 1.5697512313357977, 1.699914318697882, 0.20567015089775398, 1.7875163228281727], [0.6778638035929309, 0.08017748773476907, 1.9230686494293538, 1.9153328179281002, 1.7904700110980558, 0.0, 1.6500279081468012, 0.04626508229848603, 0.009274263689860174, 1.9999799805066552, 0.7549723713550289], [1.9287995682700672, 1.8960495253697665, 0.10769132171881435, 0.09899360608531771, 0.020726786016401988, 1.6500279081468012, 0.0, 1.3914881755301973, 1.5407451634523888, 0.3451766925890345, 1.8960200993850806], [0.9773896855911446, 0.24068812366460346, 1.7647226751017402, 1.7519141382231709, 1.5697512313357977, 0.04626508229848603, 1.3914881755301973, 1.1102230246251565e-16, 0.014259061468263723, 1.9518134374796003, 1.057792455103105], [0.8094850776413126, 0.14201736821963962, 1.8622448466360464, 1.8521264227961185, 1.699914318697882, 0.009274263689860174, 1.5407451634523888, 0.014259061468263723, 0.0, 1.989846127506794, 0.8889796048631615], [1.3281200489504346, 1.9222866371557574, 0.07451601003811792, 0.08213739146129384, 0.20567015089775398, 1.9999799805066552, 0.3451766925890345, 1.9518134374796003, 1.989846127506794, 0.0, 1.251157438282151], [0.003233304825185024, 0.39424322825212454, 1.5990873794178198, 1.6147042072327076, 1.7875163228281727, 0.7549723713550289, 1.8960200993850806, 1.057792455103105, 0.8889796048631615, 1.251157438282151, 0.0]]