[[0.0, 5.392825943588956, 11.291760736935672, 13.411307823187112, 12.843192931945708, 6.529416829939693, 13.841040070193204, 8.756630070202446, 8.062725270249775, 12.846390574466817, 2.7285508907317437], [5.392825943588956, 0.0, 7.212570378733363, 9.418753929100571, 8.209599550458133, 4.8668190331769825, 8.855856657096083, 6.2575165756905005, 6.311856574821209, 10.296728465935006, 8.096099707108948], [11.291760736935672, 7.212570378733363, 0.0, 2.211282905989726, 2.1275248320409226, 11.793261406476832, 3.834950013503621, 12.50309823234562, 12.959266887051168, 4.400422974790807, 13.48566304243359], [13.411307823187112, 9.418753929100571, 2.211282905989726, 0.0, 2.327455139879177, 13.943658590563077, 3.8386481689839567, 14.541235506602034, 15.056577794063847, 3.864047203488573, 15.508896575995896], [12.843192931945708, 8.209599550458133, 2.1275248320409226, 2.327455139879177, 0.0, 12.358461575748459, 1.7590771906951406, 12.698776946835064, 13.321133041826117, 5.91229857059067, 15.193616845456102], [6.529416829939693, 4.8668190331769825, 11.793261406476832, 13.943658590563077, 12.358461575748459, 0.0, 12.526530278353082, 2.2404949149525755, 1.631518332229941, 15.15336105651328, 8.852981611993373], [13.841040070193204, 8.855856657096083, 3.834950013503621, 3.8386481689839567, 1.7590771906951406, 12.526530278353082, 0.0, 12.553473671030801, 13.300753303315613, 7.603910319760125, 16.314528254636897], [8.756630070202446, 6.2575165756905005, 12.50309823234562, 14.541235506602034, 12.698776946835064, 2.2404949149525755, 12.553473671030801, 0.0, 1.1491855601764713, 16.246872890708296, 11.090019665225395], [8.062725270249775, 6.311856574821209, 12.959266887051168, 15.056577794063847, 13.321133041826117, 1.631518332229941, 13.300753303315613, 1.1491855601764713, 0.0, 16.51800061488346, 10.258574356482265], [12.846390574466817, 10.296728465935006, 4.400422974790807, 3.864047203488573, 5.91229857059067, 15.15336105651328, 7.603910319760125, 16.246872890708296, 16.51800061488346, 0.0, 14.402201726362945], [2.7285508907317437, 8.096099707108948, 13.48566304243359, 15.508896575995896, 15.193616845456102, 8.852981611993373, 16.314528254636897, 11.090019665225395, 10.258574356482265, 14.402201726362945, 0.0]]