[[0.0, 0.027548211077615403, 1.9715351952999693, 1.9922254805986608, 1.99549142516937, 0.05806439218953441, 1.9951584434147178, 0.4627448809409662, 1.5770485062183148e-05, 1.5815090992249998, 0.013492392732127989], [0.027548211077615403, 1.1102230246251565e-16, 1.8895498838868432, 1.9358808964301686, 1.9901777090264512, 0.1622878849514895, 1.9906539256791271, 0.6741499029095531, 0.026254408265514506, 1.3758500834196705, 0.002506176556337114], [1.9715351952999693, 1.8895498838868432, 0.0, 0.006535653909679251, 0.05531493378272678, 1.9946714959744116, 0.056451474114744604, 1.7217644068909765, 1.9701894432487834, 0.24231969764233996, 1.919643452388195], [1.9922254805986608, 1.9358808964301686, 0.006535653909679251, 2.220446049250313e-16, 0.024052623734810985, 1.976403088950829, 0.024810146517182052, 1.6380444988277651, 1.9915108896047202, 0.32176422168631424, 1.9584630782419783], [1.99549142516937, 1.9901777090264512, 0.05531493378272678, 0.024052623734810985, 0.0, 1.9058382711813875, 5.944928694212592e-06, 1.4548331639287897, 1.9960084229515331, 0.49827822368815367, 1.9975885309130303], [0.05806439218953441, 0.1622878849514895, 1.9946714959744116, 1.976403088950829, 1.9058382711813875, 1.1102230246251565e-16, 1.9043721628913293, 0.21072534531330944, 0.05996510139951183, 1.8209255806791744, 0.12574794213301388], [1.9951584434147178, 1.9906539256791271, 0.056451474114744604, 0.024810146517182052, 5.944928694212592e-06, 1.9043721628913293, 0.0, 1.4517596072578989, 1.9956947212385336, 0.5012639667999959, 1.9978219217258597], [0.4627448809409662, 0.6741499029095531, 1.7217644068909765, 1.6380444988277651, 1.4548331639287897, 0.21072534531330944, 1.4517596072578989, 1.1102230246251565e-16, 0.46749009425855514, 1.998574388771978, 0.6080745679621777], [1.5770485062183148e-05, 0.026254408265514506, 1.9701894432487834, 1.9915108896047202, 1.9960084229515331, 0.05996510139951183, 1.9956947212385336, 0.46749009425855514, 0.0, 1.5769309968169019, 0.012588506157339197], [1.5815090992249998, 1.3758500834196705, 0.24231969764233996, 0.32176422168631424, 0.49827822368815367, 1.8209255806791744, 0.5012639667999959, 1.998574388771978, 1.5769309968169019, 1.1102230246251565e-16, 1.440474118693429], [0.013492392732127989, 0.002506176556337114, 1.919643452388195, 1.9584630782419783, 1.9975885309130303, 0.12574794213301388, 1.9978219217258597, 0.6080745679621777, 0.012588506157339197, 1.440474118693429, 0.0]]