[[0.0, 3.4793314641224615, 9.289081574901951, 12.908834717783842, 15.333271005983038, 2.0269985100402383, 18.10305803261586, 3.715468419777211, 2.7543963153402142, 7.374993812017305, 6.766233926843817], [3.4793314641224615, 0.0, 5.820754016833659, 9.430320984073667, 11.892800619093174, 4.762011116882107, 14.664850003431992, 2.4362059766882043, 6.229001840086998, 4.339817650874846, 10.117098725216248], [9.289081574901951, 5.820754016833659, 0.0, 3.6522646289385676, 6.473517754552256, 10.474724609886193, 9.191271454268067, 7.044411397822805, 12.022270561246819, 3.238234786471129, 15.746602554308282], [12.908834717783842, 9.430320984073667, 3.6522646289385676, 0.0, 3.2143012715048838, 13.985012342388188, 5.720386031185533, 10.36688993277067, 15.652568303353519, 6.551086846647078, 19.39872768539184], [15.333271005983038, 11.892800619093174, 6.473517754552256, 3.2143012715048838, 0.0, 16.13069662366615, 2.772088179364051, 12.334954155817604, 18.08436350957931, 9.606016954296624, 22.002619464226285], [2.0269985100402383, 4.762011116882107, 10.474724609886193, 13.985012342388188, 16.13069662366615, 0.0, 18.871463557334618, 3.8398787192272796, 2.715293781517723, 9.004123746531723, 6.784955710344373], [18.10305803261586, 14.664850003431992, 9.191271454268067, 5.720386031185533, 2.772088179364051, 18.871463557334618, 0.0, 15.060034872422564, 20.853155098958315, 12.253647367806884, 24.774315549939427], [3.715468419777211, 2.4362059766882043, 7.044411397822805, 10.36688993277067, 12.334954155817604, 3.8398787192272796, 15.060034872422564, 0.0, 6.178523605882704, 6.46318179324724, 10.332786713600822], [2.7543963153402142, 6.229001840086998, 12.022270561246819, 15.652568303353519, 18.08436350957931, 2.715293781517723, 20.853155098958315, 6.178523605882704, 0.0, 9.920327950817928, 4.161034252421655], [7.374993812017305, 4.339817650874846, 3.238234786471129, 6.551086846647078, 9.606016954296624, 9.004123746531723, 12.253647367806884, 6.46318179324724, 9.920327950817928, 0.0, 13.249490910127092], [6.766233926843817, 10.117098725216248, 15.746602554308282, 19.39872768539184, 22.002619464226285, 6.784955710344373, 24.774315549939427, 10.332786713600822, 4.161034252421655, 13.249490910127092, 0.0]]