[[1.1102230246251565e-16, 0.40719652798610395, 0.8212318581430433, 0.00669250002148658, 0.69234568045193, 0.801106043554264, 1.6910272406612608, 1.9096263510563154, 1.9993327032790216, 1.6542195742447006, 0.018527393151249072], [0.40719652798610395, 0.0, 0.10165162018773288, 0.31814640633996616, 0.05133508285616972, 1.67135211220275, 1.991771399068882, 1.8737929122493795, 1.6218240007426377, 1.99691144825105, 0.26387309388619995], [0.8212318581430433, 0.10165162018773288, 0.0, 0.7087889952298149, 0.00883047766359879, 1.928678180481112, 1.8347184898707853, 1.5713475604288316, 1.214586454520737, 1.8610751459104753, 0.6360279362245463], [0.00669250002148658, 0.31814640633996616, 0.7087889952298149, 1.1102230246251565e-16, 0.5845067779499993, 0.915629401207834, 1.7698891338923601, 1.9515204670955413, 1.9968634150724136, 1.7371942693494784, 0.002965841412748138], [0.69234568045193, 0.05133508285616972, 0.00883047766359879, 0.5845067779499993, 0.0, 1.8712976464202358, 1.9003677358141386, 1.6751288717530266, 1.3422034392284412, 1.9208960048787103, 0.5157362696865597], [0.801106043554264, 1.67135211220275, 1.928678180481112, 0.915629401207834, 1.8712976464202358, 1.1102230246251565e-16, 0.42905380842180685, 0.7737916281149613, 1.1629649944497389, 0.3889258508858783, 0.9925655172503695], [1.6910272406612608, 1.991771399068882, 1.8347184898707853, 1.7698891338923601, 1.9003677358141386, 0.42905380842180685, 0.0, 0.0711405786559618, 0.28303184300511, 0.0012377217870227497, 1.816720103895059], [1.9096263510563154, 1.8737929122493795, 1.5713475604288316, 1.9515204670955413, 1.6751288717530266, 0.7737916281149613, 0.0711405786559618, 0.0, 0.07580674238404617, 0.0907149757737774, 1.972370273421919], [1.9993327032790216, 1.6218240007426377, 1.214586454520737, 1.9968634150724136, 1.3422034392284412, 1.1629649944497389, 0.28303184300511, 0.07580674238404617, 0.0, 0.31859220545361044, 1.9878161453315368], [1.6542195742447006, 1.99691144825105, 1.8610751459104753, 1.7371942693494784, 1.9208960048787103, 0.3889258508858783, 0.0012377217870227497, 0.0907149757737774, 0.31859220545361044, 0.0, 1.7870084637549155], [0.018527393151249072, 0.26387309388619995, 0.6360279362245463, 0.002965841412748138, 0.5157362696865597, 0.9925655172503695, 1.816720103895059, 1.972370273421919, 1.9878161453315368, 1.7870084637549155, 0.0]]