[[0.0, 6.958707471979344, 15.403424622299735, 16.903357791344348, 25.548326518301895, 7.449335051341321, 14.165360508814409, 17.077214237238717, 11.081735541994368, 39.08796179222057, 17.293310830130082], [6.958707471979344, 0.0, 9.083993987844739, 15.015957969833005, 18.66545294965085, 14.320663492266716, 20.448622350360612, 22.274753370700292, 15.095935231362478, 45.54785681620289, 14.768024707330602], [15.403424622299735, 9.083993987844739, 0.0, 21.03300877964686, 10.880787730658968, 22.825483219863788, 26.850928587506683, 27.01507038684829, 19.43238520837154, 51.54017643978306, 20.20456686662262], [16.903357791344348, 15.015957969833005, 21.03300877964686, 0.0, 25.278831643615142, 20.146350527498484, 29.909067783127146, 33.74338554703813, 27.94891366021231, 53.31862207049135, 1.5442149515556165], [25.548326518301895, 18.66545294965085, 10.880787730658968, 25.278831643615142, 0.0, 32.971993125027964, 37.71354775629456, 37.817460025663785, 30.259377647988874, 62.40812053712298, 23.963557841601048], [7.449335051341321, 14.320663492266716, 22.825483219863788, 20.146350527498484, 32.971993125027964, 0.0, 10.163203402249021, 15.033805007538634, 12.357151967339528, 33.375511309102386, 21.02832425515612], [14.165360508814409, 20.448622350360612, 26.850928587506683, 29.909067783127146, 37.71354775629456, 10.163203402249021, 0.0, 5.667532669076463, 8.623015654536264, 25.10231487477289, 30.628096355198352], [17.077214237238717, 22.274753370700292, 27.01507038684829, 33.74338554703813, 37.817460025663785, 15.033805007538634, 5.667532669076463, 0.0, 7.593895123479691, 24.747531677370112, 34.27515659576805], [11.081735541994368, 15.095935231362478, 19.43238520837154, 27.94891366021231, 30.259377647988874, 12.357151967339528, 8.623015654536264, 7.593895123479691, 0.0, 32.185726090642596, 28.251436544446477], [39.08796179222057, 45.54785681620289, 51.54017643978306, 53.31862207049135, 62.40812053712298, 33.375511309102386, 25.10231487477289, 24.747531677370112, 32.185726090642596, 0.0, 54.31351428956269], [17.293310830130082, 14.768024707330602, 20.20456686662262, 1.5442149515556165, 23.963557841601048, 21.02832425515612, 30.628096355198352, 34.27515659576805, 28.251436544446477, 54.31351428956269, 0.0]]