[[0.0, 0.3600815830662446, 0.7952824291690486, 1.5623827898349516, 1.7336794062783643, 0.6626562611835594, 1.823537492712409, 1.3585289836728422, 0.8729407481189121, 0.40069991193922405, 0.2109819774381796], [0.3600815830662446, 0.0, 1.0179749983317965, 1.5894785988488087, 1.6172904757358522, 0.5884075403036159, 1.7683251053781412, 1.14968186976814, 0.7632248430566484, 0.5409993025551088, 0.31214301921239196], [0.7952824291690486, 1.0179749983317965, 0.0, 0.8410442135485086, 0.8627827118869226, 1.5739377702372184, 0.967185557012442, 1.6878132469942493, 1.5653643274697675, 0.7251239772242285, 0.938173004755144], [1.5623827898349516, 1.5894785988488087, 0.8410442135485086, 0.0, 0.32297307776915185, 1.694885028329141, 0.2997731401087095, 1.3163685648494494, 1.4795431037496984, 1.2170916298965802, 1.7142758839361054], [1.7336794062783643, 1.6172904757358522, 0.8627827118869226, 0.32297307776915185, 0.0, 1.7332460677030894, 0.1881908603045256, 1.130816497544234, 1.58355711417616, 1.4012297499977324, 1.8283156217468668], [0.6626562611835594, 0.5884075403036159, 1.5739377702372184, 1.694885028329141, 1.7332460677030894, 1.1102230246251565e-16, 1.6125029068794523, 0.44453585054551104, 0.14853751768324341, 1.0460938528705765, 0.4376867667415616], [1.823537492712409, 1.7683251053781412, 0.967185557012442, 0.2997731401087095, 0.1881908603045256, 1.6125029068794523, 1.1102230246251565e-16, 0.9112065133925844, 1.4211862919009592, 1.5908099130746138, 1.9267588861479568], [1.3585289836728422, 1.14968186976814, 1.6878132469942493, 1.3163685648494494, 1.130816497544234, 0.44453585054551104, 0.9112065133925844, 0.0, 0.40369922651630596, 1.5633455092757425, 1.107683177156712], [0.8729407481189121, 0.7632248430566484, 1.5653643274697675, 1.4795431037496984, 1.58355711417616, 0.14853751768324341, 1.4211862919009592, 0.40369922651630596, 0.0, 1.2069816574747143, 0.5981252809697706], [0.40069991193922405, 0.5409993025551088, 0.7251239772242285, 1.2170916298965802, 1.4012297499977324, 1.0460938528705765, 1.5908099130746138, 1.5633455092757425, 1.2069816574747143, 0.0, 0.43794680122008733], [0.2109819774381796, 0.31214301921239196, 0.938173004755144, 1.7142758839361054, 1.8283156217468668, 0.4376867667415616, 1.9267588861479568, 1.107683177156712, 0.5981252809697706, 0.43794680122008733, 0.0]]