[[0.0, 1.4187013421166133, 2.016801190228233, 3.0181609593540584, 3.390261924032321, 2.0736201231498645, 4.992039802459834, 2.804947388671466, 2.782404627081684, 1.5062065119651806, 2.064291648251163], [1.4187013421166133, 0.0, 1.7512676899065023, 2.453259105809385, 2.6884661180685843, 1.6626570517239851, 4.333088123023865, 2.084448650125678, 2.3486908872987575, 1.3528079901873427, 2.519981534355374], [2.016801190228233, 1.7512676899065023, 0.0, 1.854243394609859, 2.0534544530414305, 2.6946978203463967, 3.5544258754440987, 2.5970420539091137, 3.2251971121466942, 1.610915638403773, 3.3529398363642464], [3.0181609593540584, 2.453259105809385, 1.854243394609859, 0.0, 1.3667026174664592, 3.056456511063709, 2.525182001471581, 2.5283375086608757, 3.3724845751907018, 2.313246300145148, 4.436908869847702], [3.390261924032321, 2.6884661180685843, 2.0534544530414305, 1.3667026174664592, 0.0, 3.3038749743926754, 2.1728073355331228, 2.5212641847976602, 3.6781673936918873, 2.680678762160463, 4.775460028903379], [2.0736201231498645, 1.6626570517239851, 2.6946978203463967, 3.056456511063709, 3.3038749743926754, 0.0, 4.646441008827756, 1.568366974969549, 1.2429579684416343, 2.2920133333146535, 2.631043838087983], [4.992039802459834, 4.333088123023865, 3.5544258754440987, 2.525182001471581, 2.1728073355331228, 4.646441008827756, 0.0, 3.573989213752424, 4.828406682807594, 4.334921005402582, 6.421162122269697], [2.804947388671466, 2.084448650125678, 2.5970420539091137, 2.5283375086608757, 2.5212641847976602, 1.568366974969549, 3.573989213752424, 0.0, 1.8769723994256868, 2.607395883716378, 3.6864905249058126], [2.782404627081684, 2.3486908872987575, 3.2251971121466942, 3.3724845751907018, 3.6781673936918873, 1.2429579684416343, 4.828406682807594, 1.8769723994256868, 0.0, 2.953740347969143, 3.096971057334026], [1.5062065119651806, 1.3528079901873427, 1.610915638403773, 2.313246300145148, 2.680678762160463, 2.2920133333146535, 4.334921005402582, 2.607395883716378, 2.953740347969143, 0.0, 2.6602958931618015], [2.064291648251163, 2.519981534355374, 3.3529398363642464, 4.436908869847702, 4.775460028903379, 2.631043838087983, 6.421162122269697, 3.6864905249058126, 3.096971057334026, 2.6602958931618015, 0.0]]