[[2.220446049250313e-16, 0.013516889004338006, 0.12933008460987405, 1.9436913241182907, 1.85953382775808, 0.5085945318217722, 1.9568533137655928, 0.765879470550634, 0.804549132396595, 0.967093458432853, 0.013519179550671945], [0.013516889004338006, 0.0, 0.22169774424078537, 1.985145891573481, 1.9316625020663132, 0.3725234811566017, 1.9915335245296657, 0.60973523393295, 0.6464883977885933, 1.1313124760331346, 9.768996722669954e-11], [0.12933008460987405, 0.22169774424078537, 1.1102230246251565e-16, 1.658920373723574, 1.496987029442565, 1.000530887413022, 1.6901806907590224, 1.274355867877633, 1.3122081644884618, 0.47974787834044597, 0.22170652085857423], [1.9436913241182907, 1.985145891573481, 1.658920373723574, 1.1102230246251565e-16, 0.019786558956155886, 1.7518627781752114, 0.0008968868322978274, 1.5425702950923328, 1.5088920593692627, 0.700405509542567, 1.9851482917439758], [1.85953382775808, 1.9316625020663132, 1.496987029442565, 0.019786558956155886, 0.0, 1.8674940024429478, 0.02904731163392582, 1.6981092541706584, 1.6692185650305755, 0.5174822111688696, 1.931667580471807], [0.5085945318217722, 0.3725234811566017, 1.000530887413022, 1.7518627781752114, 1.8674940024429478, 0.0, 1.7232705632552907, 0.038226250822001706, 0.04982066973470334, 1.8542887972891244, 0.37251259757738553], [1.9568533137655928, 1.9915335245296657, 1.6901806907590224, 0.0008968868322978274, 0.02904731163392582, 1.7232705632552907, 0.0, 1.506514717611751, 1.4719850991253352, 0.7410727015978718, 1.9915353394683484], [0.765879470550634, 0.60973523393295, 1.274355867877633, 1.5425702950923328, 1.6981092541706584, 0.038226250822001706, 1.506514717611751, 1.1102230246251565e-16, 0.000783846668656274, 1.9639769671615777, 0.6097223645384457], [0.804549132396595, 0.6464883977885933, 1.3122081644884618, 1.5088920593692627, 1.6692185650305755, 0.04982066973470334, 1.4719850991253352, 0.000783846668656274, 0.0, 1.9737507604772015, 0.6464753225323538], [0.967093458432853, 1.1313124760331346, 0.47974787834044597, 0.700405509542567, 0.5174822111688696, 1.8542887972891244, 0.7410727015978718, 1.9639769671615777, 1.9737507604772015, 0.0, 1.1313263328244014], [0.013519179550671945, 9.768996722669954e-11, 0.22170652085857423, 1.9851482917439758, 1.931667580471807, 0.37251259757738553, 1.9915353394683484, 0.6097223645384457, 0.6464753225323538, 1.1313263328244014, 0.0]]