[[0.0, 4.094069045799906, 7.328674845644702, 15.369890265665788, 14.808941185374058, 7.686186268102625, 18.255311515015947, 8.296011280138378, 10.8075193216361, 9.724669294592784, 4.290068528684856], [4.094069045799906, 0.0, 3.5705119251070916, 11.583624513920737, 11.198780200359332, 4.880447894556913, 14.463608931084272, 4.26303948259594, 8.1230548934947, 7.180072749841117, 7.9060661996559185], [7.328674845644702, 3.5705119251070916, 0.0, 8.065609367359228, 7.6298207164289, 6.3678254600256485, 10.952515158655881, 3.2484557208482507, 9.061215727548706, 4.428000959416333, 11.40103946128058], [15.369890265665788, 11.583624513920737, 8.065609367359228, 0.0, 1.4042308755096946, 12.441052615893637, 2.8871691828546595, 8.745611519010101, 13.572969379996861, 7.3367291829019585, 19.463754271039623], [14.808941185374058, 11.198780200359332, 7.6298207164289, 1.4042308755096946, 0.0, 12.612448012963826, 3.684976950528873, 8.831176626055877, 14.05534231772791, 6.224303013681086, 18.98900104315133], [7.686186268102625, 4.880447894556913, 6.3678254600256485, 12.441052615893637, 12.612448012963826, 0.0, 15.059092571280756, 3.8016239606551263, 3.2619350536823086, 10.792175294408716, 9.828568495407556], [18.255311515015947, 14.463608931084272, 10.952515158655881, 2.8871691828546595, 3.684976950528873, 15.059092571280756, 0.0, 11.463364647773513, 15.861867508415934, 9.902438874996339, 22.349272183424485], [8.296011280138378, 4.26303948259594, 3.2484557208482507, 8.745611519010101, 8.831176626055877, 3.8016239606551263, 11.463364647773513, 0.0, 5.955666632404219, 7.50428738449688, 11.69196059800538], [10.8075193216361, 8.1230548934947, 9.061215727548706, 13.572969379996861, 14.05534231772791, 3.2619350536823086, 15.861867508415934, 5.955666632404219, 0.0, 13.43560559511884, 12.358487948603063], [9.724669294592784, 7.180072749841117, 4.428000959416333, 7.3367291829019585, 6.224303013681086, 10.792175294408716, 9.902438874996339, 7.50428738449688, 13.43560559511884, 0.0, 14.01201062231118], [4.290068528684856, 7.9060661996559185, 11.40103946128058, 19.463754271039623, 18.98900104315133, 9.828568495407556, 22.349272183424485, 11.69196059800538, 12.358487948603063, 14.01201062231118, 0.0]]