[[0.0, 0.11891397850561913, 1.9334806957322335, 1.9489342514465733, 1.9867933936132234, 0.15053852026622982, 1.9663613387800787, 0.8219950581174675, 0.051933736749522286, 1.2174673932232558, 0.0011904314996112886], [0.11891397850561913, 0.0, 1.992091907731681, 1.9852979966894377, 1.9460611514073358, 0.0019958048747361623, 1.9730861750898194, 0.37775958698331424, 0.014237573306529305, 1.653244547830957, 0.09689226123949546], [1.9334806957322335, 1.992091907731681, 0.0, 0.0010505288908383426, 0.020755495128429557, 1.9821860004958265, 0.0056855507011620565, 1.519064396709108, 1.999071286184714, 0.44695356266834363, 1.9498631512984899], [1.9489342514465733, 1.9852979966894377, 0.0010505288908383426, 0.0, 0.0124962417008595, 1.9725431016688737, 0.00185046437487435, 1.4793506473855336, 1.999996245955427, 0.485713886403382, 1.963193289918947], [1.9867933936132234, 1.9460611514073358, 0.020755495128429557, 0.0124962417008595, 0.0, 1.9237139078608614, 0.004740658199004266, 1.335051095860336, 1.9870682259586, 0.6272973351880786, 1.993520189881767], [0.15053852026622982, 0.0019958048747361623, 1.9821860004958265, 1.9725431016688737, 1.9237139078608614, 0.0, 1.9565922427921048, 0.3295678171491805, 0.026822868574202796, 1.6997528570123355, 0.12581117792160834], [1.9663613387800787, 1.9730861750898194, 0.0056855507011620565, 0.00185046437487435, 0.004740658199004266, 1.9565922427921048, 0.0, 1.4250978798368106, 1.9979791717768243, 0.5388148670310737, 1.9777564793924798], [0.8219950581174675, 0.37775958698331424, 1.519064396709108, 1.4793506473855336, 1.335051095860336, 0.3295678171491805, 1.4250978798368106, 0.0, 0.5182463877288845, 1.9991896606880732, 0.7742064261976871], [0.051933736749522286, 0.014237573306529305, 1.999071286184714, 1.999996245955427, 1.9870682259586, 0.026822868574202796, 1.9979791717768243, 0.5182463877288845, 0.0, 1.5166341324603416, 0.03754688799220629], [1.2174673932232558, 1.653244547830957, 0.44695356266834363, 0.485713886403382, 0.6272973351880786, 1.6997528570123355, 0.5388148670310737, 1.9991896606880732, 1.5166341324603416, 2.220446049250313e-16, 1.2648206645593651], [0.0011904314996112886, 0.09689226123949546, 1.9498631512984899, 1.963193289918947, 1.993520189881767, 0.12581117792160834, 1.9777564793924798, 0.7742064261976871, 0.03754688799220629, 1.2648206645593651, 0.0]]