[[0.0, 0.1777929206752451, 1.9030125069723778, 1.9916260125980094, 1.9968096357413234, 0.005414024493377245, 1.9749120980113184, 0.07617928296105703, 0.01055655712295056, 1.9512188085781639, 0.01969698681186116], [0.1777929206752451, 0.0, 1.9869947608288434, 1.8888284951554573, 1.8650141304285766, 0.12309602654580443, 1.9282754100589536, 0.02252826432482402, 0.26895912900930696, 1.9577031946719594, 0.08157355598037852], [1.9030125069723778, 1.9869947608288434, 2.220446049250313e-16, 0.04906773933271802, 0.06557845787018612, 1.942767788680575, 0.024014254403385005, 1.9986889102432, 1.831220302541574, 0.008494189288773435, 1.9700744284791458], [1.9916260125980094, 1.8888284951554573, 0.04906773933271802, 1.1102230246251565e-16, 0.0012300128710069913, 1.9996774492797986, 0.00450589081259245, 1.9655237800940815, 1.9624425471973286, 0.01690394228751635, 1.9975995812222354], [1.9968096357413234, 1.8650141304285766, 0.06557845787018612, 0.0012300128710069913, 0.0, 1.9997070926049583, 0.010432027601163907, 1.9514288791883598, 1.9747198995303048, 0.027191412584073982, 1.9929390453032314], [0.005414024493377245, 0.12309602654580443, 1.942767788680575, 1.9996774492797986, 1.9997070926049583, 1.1102230246251565e-16, 1.992764800825967, 0.0413988146651334, 0.0309730282145263, 1.9781290460346856, 0.004480834279267487], [1.9749120980113184, 1.9282754100589536, 0.024014254403385005, 0.00450589081259245, 0.010432027601163907, 1.992764800825967, 0.0, 1.9858571780421181, 1.932362711848982, 0.003972398105873909, 1.999670693990637], [0.07617928296105703, 0.02252826432482402, 1.9986889102432, 1.9655237800940815, 1.9514288791883598, 0.0413988146651334, 1.9858571780421181, 0.0, 0.1414105295828314, 1.99686380822099, 0.018767992035319203], [0.01055655712295056, 0.26895912900930696, 1.831220302541574, 1.9624425471973286, 1.9747198995303048, 0.0309730282145263, 1.932362711848982, 0.1414105295828314, 2.220446049250313e-16, 1.896467061734862, 0.05866713003998292], [1.9512188085781639, 1.9577031946719594, 0.008494189288773435, 0.01690394228751635, 0.027191412584073982, 1.9781290460346856, 0.003972398105873909, 1.99686380822099, 1.896467061734862, 0.0, 1.9934145907662197], [0.01969698681186116, 0.08157355598037852, 1.9700744284791458, 1.9975995812222354, 1.9929390453032314, 0.004480834279267487, 1.999670693990637, 0.018767992035319203, 0.05866713003998292, 1.9934145907662197, 0.0]]