[[0.0, 1.1162660788143397, 6.0300047906772365, 10.889559852864389, 5.822572041050523, 6.194576592977817, 6.324698818571242, 7.810845297554443, 7.00063287084445, 10.609525110073562, 0.7628852691023873], [1.1162660788143397, 0.0, 5.24227218756322, 9.92621272699557, 4.842104429378073, 7.182368863434605, 5.4112184734745385, 8.575600923031905, 8.094992880791006, 9.75085528078241, 1.6433217992201663], [6.0300047906772365, 5.24227218756322, 0.0, 5.16502166102175, 1.6027425931368713, 12.166799796125446, 1.0295698586016726, 13.80388292239545, 12.618334975890066, 4.605135842599163, 6.759801009777507], [10.889559852864389, 9.92621272699557, 5.16502166102175, 0.0, 5.0842996454815275, 17.083196525967075, 4.588839141271252, 18.400302984039232, 17.711957861889747, 1.695362911199247, 11.554265573239181], [5.822572041050523, 4.842104429378073, 1.6027425931368713, 5.0842996454815275, 0.0, 12.008826514401767, 0.8307394603406298, 13.345247266965707, 12.734138195148411, 5.058399746303427, 6.473257077230662], [6.194576592977817, 7.182368863434605, 12.166799796125446, 17.083196525967075, 12.008826514401767, 0.0, 12.517397881783037, 2.8663921400896775, 2.195323702599245, 16.769056948613898, 5.54049445371198], [6.324698818571242, 5.4112184734745385, 1.0295698586016726, 4.588839141271252, 0.8307394603406298, 12.517397881783037, 0.0, 13.970816541266254, 13.126960587590453, 4.361228125542502, 7.012310048094951], [7.810845297554443, 8.575600923031905, 13.80388292239545, 18.400302984039232, 13.345247266965707, 2.8663921400896775, 13.970816541266254, 0.0, 4.814316022773247, 18.32306565037328, 7.059582508747138], [7.00063287084445, 8.094992880791006, 12.618334975890066, 17.711957861889747, 12.734138195148411, 2.195323702599245, 13.126960587590453, 4.814316022773247, 0.0, 17.19405447926326, 6.503775621894221], [10.609525110073562, 9.75085528078241, 4.605135842599163, 1.695362911199247, 5.058399746303427, 16.769056948613898, 4.361228125542502, 18.32306565037328, 17.19405447926326, 0.0, 11.323064169629172], [0.7628852691023873, 1.6433217992201663, 6.759801009777507, 11.554265573239181, 6.473257077230662, 5.54049445371198, 7.012310048094951, 7.059582508747138, 6.503775621894221, 11.323064169629172, 0.0]]