[[0.0, 0.59792445997226, 1.0796672358640962, 1.1142592656621597, 1.363465464876606, 0.780928088899632, 1.5434624290519767, 1.209759738330766, 0.7823207201157144, 0.8857229867047107, 0.6452464503546216], [0.59792445997226, 0.0, 0.8963960711470663, 0.9259290820125513, 1.2704666672749922, 0.9128399226789026, 1.4585560077216482, 1.1900085790814188, 0.7026516993983866, 1.143328434418775, 0.8009162575782851], [1.0796672358640962, 0.8963960711470663, 1.1102230246251565e-16, 0.9156382709136867, 1.0718162399758662, 1.2241717845085747, 1.2278029668547996, 1.3691672000730915, 0.9741186586279665, 1.3286004818709598, 0.8779017661278025], [1.1142592656621597, 0.9259290820125513, 0.9156382709136867, 0.0, 1.2987240998530143, 1.1509502547431554, 1.0998567846060519, 1.1351582360880814, 1.2212141005448562, 1.1386315506348534, 1.0444831150367668], [1.363465464876606, 1.2704666672749922, 1.0718162399758662, 1.2987240998530143, 0.0, 1.3102854908919703, 0.7092138568226577, 0.9940279638889782, 1.3319755777797333, 1.1517764078021089, 1.2702183293033462], [0.780928088899632, 0.9128399226789026, 1.2241717845085747, 1.1509502547431554, 1.3102854908919703, 0.0, 0.9307188325003775, 0.8405043864534575, 0.819851394494234, 1.1204491459590202, 1.1611689911366812], [1.5434624290519767, 1.4585560077216482, 1.2278029668547996, 1.0998567846060519, 0.7092138568226577, 0.9307188325003775, 0.0, 0.7706358540457909, 1.2462568047968672, 1.2244781034630943, 1.5457872571131857], [1.209759738330766, 1.1900085790814188, 1.3691672000730915, 1.1351582360880814, 0.9940279638889782, 0.8405043864534575, 0.7706358540457909, 1.1102230246251565e-16, 1.153620035249553, 1.069578396995415, 1.4895829484157384], [0.7823207201157144, 0.7026516993983866, 0.9741186586279665, 1.2212141005448562, 1.3319755777797333, 0.819851394494234, 1.2462568047968672, 1.153620035249553, 2.220446049250313e-16, 1.1306312482946712, 0.7165574561726081], [0.8857229867047107, 1.143328434418775, 1.3286004818709598, 1.1386315506348534, 1.1517764078021089, 1.1204491459590202, 1.2244781034630943, 1.069578396995415, 1.1306312482946712, 0.0, 1.0253322562758946], [0.6452464503546216, 0.8009162575782851, 0.8779017661278025, 1.0444831150367668, 1.2702183293033462, 1.1611689911366812, 1.5457872571131857, 1.4895829484157384, 0.7165574561726081, 1.0253322562758946, 0.0]]