[[0.0, 2.0245606824607, 4.229961971193103, 4.199286680852004, 5.431199941818075, 2.7433760308155373, 5.597326631050865, 4.60698253246428, 2.7070960171327076, 4.591140534093674, 4.429521569149427], [2.0245606824607, 0.0, 3.743656253527401, 3.6967730676382438, 5.031431558646571, 2.7226074004301357, 5.166305485231994, 4.3340495474171385, 2.370851123984035, 4.855250610359468, 4.675985979570866], [4.229961971193103, 3.743656253527401, 0.0, 4.736102302717977, 5.809344194340577, 4.669092801465154, 6.106354457675884, 6.02341300139266, 4.170873641647808, 6.459838431636305, 5.550481304241708], [4.199286680852004, 3.6967730676382438, 4.736102302717977, 0.0, 6.307340900706756, 4.449877782594856, 5.714251109021048, 5.410413959609407, 4.537400678878427, 5.917921440086027, 5.969870483896042], [5.431199941818075, 5.031431558646571, 5.809344194340577, 6.307340900706756, 0.0, 5.542154510905335, 5.107547695901394, 5.7128425553147135, 5.543724725083473, 6.606254448750753, 7.233712855204999], [2.7433760308155373, 2.7226074004301357, 4.669092801465154, 4.449877782594856, 5.542154510905335, 0.0, 4.68547223942207, 4.073607805851533, 2.959861599921798, 5.185795765655136, 5.597487146780138], [5.597326631050865, 5.166305485231994, 6.106354457675884, 5.714251109021048, 5.107547695901394, 4.68547223942207, 0.0, 4.952500976754096, 5.273779743240856, 6.713844325431615, 7.869274516343029], [4.60698253246428, 4.3340495474171385, 6.02341300139266, 5.410413959609407, 5.7128425553147135, 4.073607805851533, 4.952500976754096, 0.0, 4.66169735456063, 5.92694812459244, 7.310442563765846], [2.7070960171327076, 2.370851123984035, 4.170873641647808, 4.537400678878427, 5.543724725083473, 2.959861599921798, 5.273779743240856, 4.66169735456063, 0.0, 5.174427586569379, 4.6258722463132775], [4.591140534093674, 4.855250610359468, 6.459838431636305, 5.917921440086027, 6.606254448750753, 5.185795765655136, 6.713844325431615, 5.92694812459244, 5.174427586569379, 0.0, 6.504222089933613], [4.429521569149427, 4.675985979570866, 5.550481304241708, 5.969870483896042, 7.233712855204999, 5.597487146780138, 7.869274516343029, 7.310442563765846, 4.6258722463132775, 6.504222089933613, 0.0]]