[[0.0, 0.536597310250511, 0.9378786316104959, 1.1043739517622524, 1.2685037589270007, 0.8078246001948912, 1.5258820654327243, 1.2320587008244186, 0.8537246166375756, 0.9761096233976904, 0.7175263798384035], [0.536597310250511, 0.0, 0.8695020091999782, 0.9673531469484856, 1.136205466053328, 0.9403464497620735, 1.496582510695291, 1.269377726407603, 0.8112176978864492, 1.089141404111131, 0.8806270184222115], [0.9378786316104959, 0.8695020091999782, 0.0, 0.9630017430084881, 0.9436701268830923, 1.2931024067314152, 1.2486555999396842, 1.3737826177518313, 1.0960594562614803, 1.3031631341143568, 0.886597049472499], [1.1043739517622524, 0.9673531469484856, 0.9630017430084881, 1.1102230246251565e-16, 1.2534287094762555, 1.0892870673135637, 1.0488343414920358, 1.19412740946743, 1.240002696615555, 1.1727552974904776, 1.0333121165370698], [1.2685037589270007, 1.136205466053328, 0.9436701268830923, 1.2534287094762555, 0.0, 1.3211872954398023, 0.807193499075498, 1.0812113430735824, 1.1574348710713822, 1.2286351390116228, 1.2792043805141766], [0.8078246001948912, 0.9403464497620735, 1.2931024067314152, 1.0892870673135637, 1.3211872954398023, 1.1102230246251565e-16, 0.988672919227435, 0.8409318908479543, 0.7271932605008609, 1.0879540947620963, 1.076113557935171], [1.5258820654327243, 1.496582510695291, 1.2486555999396842, 1.0488343414920358, 0.807193499075498, 0.988672919227435, 0.0, 0.7052188638723973, 1.2249602437515439, 1.198852950544927, 1.483030699773014], [1.2320587008244186, 1.269377726407603, 1.3737826177518313, 1.19412740946743, 1.0812113430735824, 0.8409318908479543, 0.7052188638723973, 1.1102230246251565e-16, 1.04931177085567, 1.068756324597558, 1.4312824878929398], [0.8537246166375756, 0.8112176978864492, 1.0960594562614803, 1.240002696615555, 1.1574348710713822, 0.7271932605008609, 1.2249602437515439, 1.04931177085567, 2.220446049250313e-16, 1.1210914023407637, 0.908631622125227], [0.9761096233976904, 1.089141404111131, 1.3031631341143568, 1.1727552974904776, 1.2286351390116228, 1.0879540947620963, 1.198852950544927, 1.068756324597558, 1.1210914023407637, 0.0, 1.0446730569578513], [0.7175263798384035, 0.8806270184222115, 0.886597049472499, 1.0333121165370698, 1.2792043805141766, 1.076113557935171, 1.483030699773014, 1.4312824878929398, 0.908631622125227, 1.0446730569578513, 0.0]]