[[0.0, 1.9180821462519697, 3.5824131339839704, 4.0374348082379745, 4.756100949167407, 2.53908013842449, 5.2737214446248055, 4.240378791529018, 2.7869189492086965, 4.505159071846396, 4.445040397257508], [1.9180821462519697, 0.0, 3.3036127448124595, 3.631991310117394, 4.339788769506209, 2.4942316533391162, 4.950747548154897, 4.05422909929845, 2.5157978873318654, 4.528512313662613, 4.668974219209139], [3.5824131339839704, 3.3036127448124595, 0.0, 4.434238797967012, 4.763020181717462, 4.1317758351267635, 5.570677716543247, 5.292886687905043, 3.990188136981029, 5.816628082249239, 5.220533912207377], [4.0374348082379745, 3.631991310117394, 4.434238797967012, 0.0, 5.62769758480655, 3.9945199545604546, 5.250374383348983, 5.091905816896986, 4.409995358185166, 5.669469205394314, 5.7247041494904485], [4.756100949167407, 4.339788769506209, 4.763020181717462, 5.62769758480655, 0.0, 4.819143205893195, 4.912708899030845, 5.228842010131536, 4.709414961935836, 6.179294428644312, 6.713424096512297], [2.53908013842449, 2.4942316533391162, 4.1317758351267635, 3.9945199545604546, 4.819143205893195, 0.0, 4.3806167051182765, 3.563767466407868, 2.5566252133508915, 4.688785827061625, 5.119782136554527], [5.2737214446248055, 4.950747548154897, 5.570677716543247, 5.250374383348983, 4.912708899030845, 4.3806167051182765, 0.0, 4.319536634688629, 4.94382490744386, 6.200672252271481, 7.328058818713126], [4.240378791529018, 4.05422909929845, 5.292886687905043, 5.091905816896986, 5.228842010131536, 3.563767466407868, 4.319536634688629, 0.0, 4.076062006788251, 5.415995901671865, 6.689269210551526], [2.7869189492086965, 2.5157978873318654, 3.990188136981029, 4.409995358185166, 4.709414961935836, 2.5566252133508915, 4.94382490744386, 4.076062006788251, 0.0, 4.887498605354979, 4.905726610258601], [4.505159071846396, 4.528512313662613, 5.816628082249239, 5.669469205394314, 6.179294428644312, 4.688785827061625, 6.200672252271481, 5.415995901671865, 4.887498605354979, 0.0, 6.2615878553291004], [4.445040397257508, 4.668974219209139, 5.220533912207377, 5.7247041494904485, 6.713424096512297, 5.119782136554527, 7.328058818713126, 6.689269210551526, 4.905726610258601, 6.2615878553291004, 0.0]]