[[1.1102230246251565e-16, 0.051725914087698444, 1.4118043402351677, 1.9354155407808378, 1.9517013214932146, 0.2715064910411412, 1.9997858604193524, 0.8051405112240944, 0.2156836033265741, 1.6446149374947743, 0.06088270920368544], [0.051725914087698444, 0.0, 1.6797892922106308, 1.999265815370149, 1.80500763936977, 0.09171660862983755, 1.9546403265191508, 0.5038522302278838, 0.05931776613696782, 1.8539666322640658, 0.21853514206127334], [1.4118043402351677, 1.6797892922106308, 0.0, 0.29261129168367117, 0.8878690020121205, 1.9242663348296105, 0.5694261580367714, 1.974048246931382, 1.8883026993570695, 0.03787035177393161, 1.0736223959028015], [1.9354155407808378, 1.999265815370149, 0.29261129168367117, 2.220446049250313e-16, 0.21831269397634656, 1.9236446916409204, 0.057468471385864195, 1.5290476803132034, 1.952990526970578, 0.1267253974392445, 1.7569862044063218], [1.9517013214932146, 1.80500763936977, 0.8878690020121205, 0.21831269397634656, 0.0, 1.4829796564351785, 0.0548559972055781, 0.8843079538810669, 1.5559683637595525, 0.6212423040113262, 1.9992520898357056], [0.2715064910411412, 0.09171660862983755, 1.9242663348296105, 1.9236446916409204, 1.4829796564351785, 0.0, 1.742513852436913, 0.1861250835263376, 0.003650604665217272, 1.9933256673549025, 0.551241019769573], [1.9997858604193524, 1.9546403265191508, 0.5694261580367714, 0.057468471385864195, 0.0548559972055781, 1.742513852436913, 2.220446049250313e-16, 1.2151148844121453, 1.7969860694846602, 0.33970253758115, 1.93180586700346], [0.8051405112240944, 0.5038522302278838, 1.974048246931382, 1.5290476803132034, 0.8843079538810669, 0.1861250835263376, 1.2151148844121453, 0.0, 0.23869908836266063, 1.8754620344313335, 1.1540144685359206], [0.2156836033265741, 0.05931776613696782, 1.8883026993570695, 1.952990526970578, 1.5559683637595525, 0.003650604665217272, 1.7969860694846602, 0.23869908836266063, 0.0, 1.9798526594419323, 0.47658892801116415], [1.6446149374947743, 1.8539666322640658, 0.03787035177393161, 0.1267253974392445, 0.6212423040113262, 1.9933256673549025, 0.33970253758115, 1.8754620344313335, 1.9798526594419323, 0.0, 1.3426867856252231], [0.06088270920368544, 0.21853514206127334, 1.0736223959028015, 1.7569862044063218, 1.9992520898357056, 0.551241019769573, 1.93180586700346, 1.1540144685359206, 0.47658892801116415, 1.3426867856252231, 0.0]]