[[0.0, 2.831386226623303, 6.547697101583906, 13.31063164543136, 13.198097137409315, 4.515972052700736, 17.39617587715081, 7.305795702499039, 4.683838082208202, 8.853123586174094, 5.8295922856016515], [2.831386226623303, 0.0, 4.586213132907342, 10.953570718765992, 10.389769813042513, 4.286725335377465, 14.733199746828523, 5.418761722558609, 5.05496854771426, 6.943921691624901, 8.537488913233913], [6.547697101583906, 4.586213132907342, 0.0, 6.839499484783254, 8.197856469520968, 8.765645040262942, 11.359352025179913, 8.515715625439741, 9.616675949644044, 2.366901781568582, 10.88104474519143], [13.31063164543136, 10.953570718765992, 6.839499484783254, 0.0, 5.425471156996947, 14.567649239174722, 5.160539942516505, 12.72914406822143, 15.584535861515171, 4.864944100488554, 17.587247641238818], [13.198097137409315, 10.389769813042513, 8.197856469520968, 5.425471156996947, 0.0, 12.668726350728269, 5.215557715822317, 9.64453247119256, 13.76642343160548, 7.6575684636469115, 18.576739959833503], [4.515972052700736, 4.286725335377465, 8.765645040262942, 14.567649239174722, 12.668726350728269, 0.0, 17.596005452824407, 3.9123129500012235, 1.0979986474243268, 11.070212421236388, 9.528905161018129], [17.39617587715081, 14.733199746828523, 11.359352025179913, 5.160539942516505, 5.215557715822317, 17.596005452824407, 0.0, 14.810632109034499, 18.684029998920526, 9.787847601589071, 22.237666679903736], [7.305795702499039, 5.418761722558609, 8.515715625439741, 12.72914406822143, 9.64453247119256, 3.9123129500012235, 14.810632109034499, 0.0, 4.878539238762568, 10.419359461921555, 12.964827829938768], [4.683838082208202, 5.05496854771426, 9.616675949644044, 15.584535861515171, 13.76642343160548, 1.0979986474243268, 18.684029998920526, 4.878539238762568, 0.0, 11.951675184541992, 9.132769893634604], [8.853123586174094, 6.943921691624901, 2.366901781568582, 4.864944100488554, 7.6575684636469115, 11.070212421236388, 9.787847601589071, 10.419359461921555, 11.951675184541992, 0.0, 12.739605815717182], [5.8295922856016515, 8.537488913233913, 10.88104474519143, 17.587247641238818, 18.576739959833503, 9.528905161018129, 22.237666679903736, 12.964827829938768, 9.132769893634604, 12.739605815717182, 0.0]]