[[0.0, 0.3456081588969395, 0.677603261325874, 1.6440539087063826, 1.4980464080264526, 1.9453820674815692, 1.9584114150952394, 1.814089508472249, 1.9999999928979362, 0.4812753538551032, 0.00827370024807872], [0.3456081588969395, 0.0, 0.07324578889232802, 1.9999076277800925, 0.6702168772594113, 1.8651300733899117, 1.842976004384595, 1.97186290603314, 1.654301717019799, 1.3070195415214787, 0.4480903610281577], [0.677603261325874, 0.07324578889232802, 0.0, 1.9317745969717506, 0.33971996841249996, 1.6133474453173977, 1.5791403904823105, 1.8121904302159506, 1.3222839190305362, 1.6420563302933049, 0.8017866427476084], [1.6440539087063826, 1.9999076277800925, 1.9317745969717506, 0.0, 1.3425840511800349, 0.14176675407199113, 0.1644135656607022, 0.031428368072343504, 0.35603726701541594, 0.6800734980701791, 1.5405244368916853], [1.4980464080264526, 0.6702168772594113, 0.33971996841249996, 1.3425840511800349, 0.0, 0.8118159512902998, 0.7701428462847348, 1.0981340498867607, 0.5018502476008508, 1.999711675281143, 1.605242117390572], [1.9453820674815692, 1.8651300733899117, 1.6133474453173977, 0.14176675407199113, 0.8118159512902998, 0.0, 0.0009080125762410685, 0.04107404008285809, 0.05465678801065077, 1.2117125857614017, 1.895716104582544], [1.9584114150952394, 1.842976004384595, 1.5791403904823105, 0.1644135656607022, 0.7701428462847348, 0.0009080125762410685, 2.220446049250313e-16, 0.05402999033864342, 0.041622604819478326, 1.2531597446076037, 1.9138461684314008], [1.814089508472249, 1.97186290603314, 1.8121904302159506, 0.031428368072343504, 1.0981340498867607, 0.04107404008285809, 0.05402999033864342, 1.1102230246251565e-16, 0.18597971045484296, 0.9257901397315391, 1.732804254349622], [1.9999999928979362, 1.654301717019799, 1.3222839190305362, 0.35603726701541594, 0.5018502476008508, 0.05465678801065077, 0.041622604819478326, 0.18597971045484296, 0.0, 1.518826535287951, 1.9917415920241308], [0.4812753538551032, 1.3070195415214787, 1.6420563302933049, 0.6800734980701791, 1.999711675281143, 1.2117125857614017, 1.2531597446076037, 0.9257901397315391, 1.518826535287951, 0.0, 0.37581800480300487], [0.00827370024807872, 0.4480903610281577, 0.8017866427476084, 1.5405244368916853, 1.605242117390572, 1.895716104582544, 1.9138461684314008, 1.732804254349622, 1.9917415920241308, 0.37581800480300487, 0.0]]