[[0.0, 12.440747940977833, 29.42342651129555, 35.2889859198715, 35.11962353923412, 22.223360782179242, 33.58236882429187, 25.3852458024327, 24.89105289989598, 21.55516011483881, 8.67273069001054], [12.440747940977833, 0.0, 18.070117531060262, 37.52801096668613, 24.12372205164009, 20.61898692623839, 31.418471026033934, 25.213298671236867, 21.618707478424454, 32.41630759213695, 19.90401567612354], [29.42342651129555, 18.070117531060262, 0.0, 52.82897499048018, 23.35660422875265, 35.206101694423424, 43.816603975154884, 40.03977916592497, 34.67341079907088, 50.37430443098857, 34.78275602831876], [35.2889859198715, 37.52801096668613, 52.82897499048018, 0.0, 39.29613579916265, 17.623468404477546, 12.805693150198673, 12.789546123736539, 18.637481319295034, 28.18970157983355, 41.31034674767801], [35.11962353923412, 24.12372205164009, 23.35660422875265, 39.29613579916265, 0.0, 24.380772148647882, 27.214709187083674, 28.066083720363356, 21.627417169669073, 49.74633977643812, 43.48924506348325], [22.223360782179242, 20.61898692623839, 35.206101694423424, 17.623468404477546, 24.380772148647882, 0.0, 11.456996263411021, 4.837953366421085, 3.59437106808233, 27.375364151949174, 30.232481517866656], [33.58236882429187, 31.418471026033934, 43.816603975154884, 12.805693150198673, 27.214709187083674, 11.456996263411021, 0.0, 8.697093015794044, 9.805864238906105, 34.6353666557127, 41.34225304723857], [25.3852458024327, 25.213298671236867, 40.03977916592497, 12.789546123736539, 28.066083720363356, 4.837953366421085, 8.697093015794044, 0.0, 6.456074831476955, 26.62470172138097, 32.843641081074836], [24.89105289989598, 21.618707478424454, 34.67341079907088, 18.637481319295034, 21.627417169669073, 3.59437106808233, 9.805864238906105, 6.456074831476955, 0.0, 30.95710121596997, 33.147950051054295], [21.55516011483881, 32.41630759213695, 50.37430443098857, 28.18970157983355, 49.74633977643812, 27.375364151949174, 34.6353666557127, 26.62470172138097, 30.95710121596997, 0.0, 21.211412958949925], [8.67273069001054, 19.90401567612354, 34.78275602831876, 41.31034674767801, 43.48924506348325, 30.232481517866656, 41.34225304723857, 32.843641081074836, 33.147950051054295, 21.211412958949925, 0.0]]