[[1.1102230246251565e-16, 0.5301295072113719, 0.9555054215382558, 1.1734860524748252, 1.3581954331193902, 0.7129778821505663, 1.5779366499552065, 1.2621654059829093, 0.7326234678451415, 0.8678130062340343, 0.6986996315546141], [0.5301295072113719, 0.0, 0.9133334255085825, 1.0257538522122454, 1.2552675481338833, 0.9705397607326736, 1.4484617075824857, 1.2702015475014456, 0.7202060452994186, 1.1036053890694046, 0.7468013475724944], [0.9555054215382558, 0.9133334255085825, 0.0, 1.006174180494916, 1.009550874250701, 1.172265359062311, 1.243300042537557, 1.1996849163798282, 1.0633842159801943, 1.2280745474445836, 1.051406620113006], [1.1734860524748252, 1.0257538522122454, 1.006174180494916, 1.1102230246251565e-16, 1.2479886073232886, 1.2156431016424913, 1.0316942009389118, 0.9851098874738112, 1.268930817211073, 1.1776221075674955, 1.1606590583956338], [1.3581954331193902, 1.2552675481338833, 1.009550874250701, 1.2479886073232886, 0.0, 1.2734665192637347, 0.7486215559936031, 1.094738522221291, 1.3147473267354468, 1.1134436130138274, 1.2571337845842505], [0.7129778821505663, 0.9705397607326736, 1.172265359062311, 1.2156431016424913, 1.2734665192637347, 0.0, 0.9824373212847862, 0.9191095855973684, 0.7074610758603066, 1.1106433198687782, 1.1506942118633106], [1.5779366499552065, 1.4484617075824857, 1.243300042537557, 1.0316942009389118, 0.7486215559936031, 0.9824373212847862, 2.220446049250313e-16, 0.8216225360344414, 1.2184490016211993, 1.2153295438238574, 1.4865615783027832], [1.2621654059829093, 1.2702015475014456, 1.1996849163798282, 0.9851098874738112, 1.094738522221291, 0.9191095855973684, 0.8216225360344414, 0.0, 1.1776252298046912, 1.1410787312482145, 1.4168194567071346], [0.7326234678451415, 0.7202060452994186, 1.0633842159801943, 1.268930817211073, 1.3147473267354468, 0.7074610758603066, 1.2184490016211993, 1.1776252298046912, 2.220446049250313e-16, 1.1154049544252322, 0.7259462151084296], [0.8678130062340343, 1.1036053890694046, 1.2280745474445836, 1.1776221075674955, 1.1134436130138274, 1.1106433198687782, 1.2153295438238574, 1.1410787312482145, 1.1154049544252322, 0.0, 1.0112674060324796], [0.6986996315546141, 0.7468013475724944, 1.051406620113006, 1.1606590583956338, 1.2571337845842505, 1.1506942118633106, 1.4865615783027832, 1.4168194567071346, 0.7259462151084296, 1.0112674060324796, 0.0]]