[[0.0, 1.8014001048394632, 3.7048272782358165, 4.606804241925227, 5.551579718984739, 2.567157996697428, 5.57609653426083, 4.422149662730743, 2.5248995039899254, 4.112681138399884, 4.754620351635142], [1.8014001048394632, 0.0, 3.4647512690601534, 4.185060191717725, 5.158884951184785, 2.7453979533997166, 5.096040578659939, 4.176772584310568, 2.3151239310450356, 4.3225699429784745, 4.810843083786015], [3.7048272782358165, 3.4647512690601534, 0.0, 5.068045805802635, 5.630471532240787, 4.322358287171591, 5.938664502950467, 5.240551895301952, 4.05875883727981, 5.618554105301229, 6.075280604976121], [4.606804241925227, 4.185060191717725, 5.068045805802635, 0.0, 6.6731634124720145, 4.931743469658698, 5.827180379277429, 5.18263872566496, 4.954813230998453, 5.9579647328826075, 6.765911470562607], [5.551579718984739, 5.158884951184785, 5.630471532240787, 6.6731634124720145, 0.0, 5.670183660019152, 5.392358564499047, 6.0156496401545105, 5.675287434388042, 6.330045746087055, 7.560076536889172], [2.567157996697428, 2.7453979533997166, 4.322358287171591, 4.931743469658698, 5.670183660019152, 0.0, 4.806130427939079, 4.057747295679511, 2.719008760893557, 4.763632914761224, 5.80009547204201], [5.57609653426083, 5.096040578659939, 5.938664502950467, 5.827180379277429, 5.392358564499047, 4.806130427939079, 0.0, 4.998228936616545, 5.2029255630220375, 6.3472479275664355, 7.944989782996938], [4.422149662730743, 4.176772584310568, 5.240551895301952, 5.18263872566496, 6.0156496401545105, 4.057747295679511, 4.998228936616545, 0.0, 4.479699542624328, 5.601556463219617, 7.177223265917738], [2.5248995039899254, 2.3151239310450356, 4.05875883727981, 4.954813230998453, 5.675287434388042, 2.719008760893557, 5.2029255630220375, 4.479699542624328, 0.0, 4.708889438550766, 4.854362937501374], [4.112681138399884, 4.3225699429784745, 5.618554105301229, 5.9579647328826075, 6.330045746087055, 4.763632914761224, 6.3472479275664355, 5.601556463219617, 4.708889438550766, 0.0, 6.348053695116538], [4.754620351635142, 4.810843083786015, 6.075280604976121, 6.765911470562607, 7.560076536889172, 5.80009547204201, 7.944989782996938, 7.177223265917738, 4.854362937501374, 6.348053695116538, 0.0]]