[[0.0, 0.009284781589348867, 0.15898674188108297, 1.9521182573033435, 1.9998261112512221, 0.35856212529258225, 1.9772757803414778, 1.6847969173664132, 0.9660535706495706, 0.5629507699201068, 0.028565602688789715], [0.009284781589348867, 0.0, 0.24034818611177444, 1.901712983559447, 1.9930782028290137, 0.4688178649794913, 1.997020299375463, 1.777512664704911, 1.1022439063494676, 0.44472698265340804, 0.0053222683408884475], [0.15898674188108297, 0.24034818611177444, 0.0, 1.9661484359514805, 1.8307781861376164, 0.045489446438209735, 1.7072220620774718, 1.1816676415033567, 0.43074790479900205, 1.1190445874289767, 0.31139800605202084], [1.9521182573033435, 1.901712983559447, 1.9661484359514805, 0.0, 0.053748552844019915, 1.8452731076296427, 0.13432402620632766, 0.5707881750221963, 1.3378747944877325, 1.141137511167853, 1.8523681735960764], [1.9998261112512221, 1.9930782028290137, 1.8307781861376164, 0.053748552844019915, 1.1102230246251565e-16, 1.6270200700567397, 0.01894131022639023, 0.30173274283671314, 1.0153032914011468, 1.4537459287087917, 1.9756907961930228], [0.35856212529258225, 0.4688178649794913, 0.045489446438209735, 1.8452731076296427, 1.6270200700567397, 0.0, 1.4642422283692393, 0.8801882180025804, 0.2114926509034547, 1.4096860842311247, 0.5589421472011508], [1.9772757803414778, 1.997020299375463, 1.7072220620774718, 0.13432402620632766, 0.01894131022639023, 1.4642422283692393, 1.1102230246251565e-16, 0.17629350047097625, 0.821325380186962, 1.6177730423458438, 1.9996619712502783], [1.6847969173664132, 1.777512664704911, 1.1816676415033567, 0.5707881750221963, 0.30173274283671314, 0.8801882180025804, 0.17629350047097625, 0.0, 0.2949324548740172, 1.9547406775245788, 1.8381698705833478], [0.9660535706495706, 1.1022439063494676, 0.43074790479900205, 1.3378747944877325, 1.0153032914011468, 0.2114926509034547, 0.821325380186962, 0.2949324548740172, 0.0, 1.8840829374792465, 1.2041947622349123], [0.5629507699201068, 0.44472698265340804, 1.1190445874289767, 1.141137511167853, 1.4537459287087917, 1.4096860842311247, 1.6177730423458438, 1.9547406775245788, 1.8840829374792465, 0.0, 0.36199137339197107], [0.028565602688789715, 0.0053222683408884475, 0.31139800605202084, 1.8523681735960764, 1.9756907961930228, 0.5589421472011508, 1.9996619712502783, 1.8381698705833478, 1.2041947622349123, 0.36199137339197107, 0.0]]