[[0.0, 5.688126828670865, 8.005480337587462, 27.41078808482697, 24.483386247882965, 12.409454569621047, 29.351895173169602, 18.554516728897152, 14.969333459269393, 13.001065889536607, 5.018230933433532], [5.688126828670865, 0.0, 6.799936788133767, 21.73836122119461, 18.97793135369971, 7.660218389166881, 24.029569105220737, 13.592619602852857, 10.440821180766353, 7.44635545313133, 8.829174081139625], [8.005480337587462, 6.799936788133767, 0.0, 23.448469965603355, 19.504814599219657, 6.9485922136694365, 23.558739324946597, 12.497099243910084, 8.584663114437618, 12.171343569257516, 12.950414988288992], [27.41078808482697, 21.73836122119461, 23.448469965603355, 0.0, 5.005421210231154, 16.50025032777145, 7.565589443906553, 12.042355225157273, 15.472357282638171, 15.044338781603475, 29.861228297509744], [24.483386247882965, 18.97793135369971, 19.504814599219657, 5.005421210231154, 0.0, 12.654882564220497, 5.578379500752529, 7.384913607869672, 11.1136624385425, 13.371004083732183, 27.587745700938513], [12.409454569621047, 7.660218389166881, 6.9485922136694365, 16.50025032777145, 12.654882564220497, 0.0, 17.086933497800285, 6.147302616663513, 2.8002597202280306, 7.58248808159862, 16.404216753816875], [29.351895173169602, 24.029569105220737, 23.558739324946597, 7.565589443906553, 5.578379500752529, 17.086933497800285, 0.0, 11.073312010059476, 14.97657996648083, 18.879950373866116, 32.77693899044179], [18.554516728897152, 13.592619602852857, 12.497099243910084, 12.042355225157273, 7.384913607869672, 6.147302616663513, 11.073312010059476, 0.0, 3.9139096761232577, 10.644625176044382, 22.41617456359498], [14.969333459269393, 10.440821180766353, 8.584663114437618, 15.472357282638171, 11.1136624385425, 2.8002597202280306, 14.97657996648083, 3.9139096761232577, 0.0, 9.608313789851284, 19.131331457236964], [13.001065889536607, 7.44635545313133, 12.171343569257516, 15.044338781603475, 13.371004083732183, 7.58248808159862, 18.879950373866116, 10.644625176044382, 9.608313789851284, 0.0, 14.847125453601214], [5.018230933433532, 8.829174081139625, 12.950414988288992, 29.861228297509744, 27.587745700938513, 16.404216753816875, 32.77693899044179, 22.41617456359498, 19.131331457236964, 14.847125453601214, 0.0]]