[[0.0, 0.06509863580454689, 0.6618549153713058, 1.852862456315638, 1.6270844528098918, 1.9862873237130012, 1.9358362208346076, 1.7558356156521844, 1.9948469417671912, 0.34037688405511035, 0.005657710449247122], [0.06509863580454689, 0.0, 0.3498662430264894, 1.9826522076396236, 1.3098063447541146, 1.980654369591337, 1.9999965065113217, 1.9390115856755792, 1.8941003234647709, 0.6500648066452486, 0.03268853903195856], [0.6618549153713058, 0.3498662430264894, 0.0, 1.7797699649192746, 0.47897916028393683, 1.4888238354047183, 1.6481230641373525, 1.871774140349586, 1.240986798986078, 1.484274665040041, 0.563801836572265], [1.852862456315638, 1.9826522076396236, 1.7797699649192746, 0.0, 0.871901438854178, 0.07266070614411246, 0.01784144370915486, 0.013501902656133269, 0.20447077472007114, 1.1701324524313388, 1.9035002320758507], [1.6270844528098918, 1.3098063447541146, 0.47897916028393683, 0.871901438854178, 1.1102230246251565e-16, 0.5100705796491529, 0.6876815013029922, 1.0360544825357774, 0.2971705000529432, 1.9990964766780777, 1.5407937358230577], [1.9862873237130012, 1.980654369591337, 1.4888238354047183, 0.07266070614411246, 0.5100705796491529, 0.0, 0.01883164004458715, 0.14646884663450255, 0.035527904742689076, 1.5265364448904504, 1.9982380206494406], [1.9358362208346076, 1.9999965065113217, 1.6481230641373525, 0.01784144370915486, 0.6876815013029922, 0.01883164004458715, 0.0, 0.06190068277520966, 0.10471895983418278, 1.3524101329817673, 1.9679783961625543], [1.7558356156521844, 1.9390115856755792, 1.871774140349586, 0.013501902656133269, 1.0360544825357774, 0.14646884663450255, 0.06190068277520966, 0.0, 0.31444431648795423, 1.0064502293870865, 1.8211103027691962], [1.9948469417671912, 1.8941003234647709, 1.240986798986078, 0.20447077472007114, 0.2971705000529432, 0.035527904742689076, 0.10471895983418278, 0.31444431648795423, 0.0, 1.7324270417787497, 1.9784485886973213], [0.34037688405511035, 0.6500648066452486, 1.484274665040041, 1.1701324524313388, 1.9990964766780777, 1.5265364448904504, 1.3524101329817673, 1.0064502293870865, 1.7324270417787497, 0.0, 0.42394598134740114], [0.005657710449247122, 0.03268853903195856, 0.563801836572265, 1.9035002320758507, 1.5407937358230577, 1.9982380206494406, 1.9679783961625543, 1.8211103027691962, 1.9784485886973213, 0.42394598134740114, 0.0]]