[[0.0, 7.877905705113305, 25.149183413363314, 41.25764783323017, 38.42686621194407, 25.39404857406384, 38.82311843468419, 30.010485593740555, 32.46359516222209, 18.382973161160724, 4.751473851795682], [7.877905705113305, 0.0, 17.787298059508174, 38.009935967155215, 30.958859535383247, 20.687070285652606, 34.773145820322256, 26.78382625040554, 27.077087337317355, 23.34197735174969, 10.104907455033489], [25.149183413363314, 17.787298059508174, 0.0, 43.601828857929334, 22.49944801773551, 26.475349902257662, 38.91081629130181, 34.22259544544076, 29.04672513036208, 40.631284550226226, 25.275848434718235], [41.25764783323017, 38.009935967155215, 43.601828857929334, 0.0, 29.944832890277322, 17.912367484619807, 5.228583896156706, 11.302172832734797, 14.947035494904481, 35.623662421037515, 45.84493014453123], [38.42686621194407, 30.958859535383247, 22.49944801773551, 29.944832890277322, 0.0, 20.442495101382615, 24.73168342177719, 25.83426938964853, 16.387797071478918, 46.28525822210232, 41.01553997901531], [25.39404857406384, 20.687070285652606, 26.475349902257662, 17.912367484619807, 20.442495101382615, 0.0, 14.148999293592109, 7.751807634734331, 7.382258564346884, 26.995951279293777, 29.578917381755318], [38.82311843468419, 34.773145820322256, 38.91081629130181, 5.228583896156706, 24.73168342177719, 14.148999293592109, 0.0, 9.267371236241111, 9.953136926936756, 35.58530537788126, 43.249105132812815], [30.010485593740555, 26.78382625040554, 34.22259544544076, 11.302172832734797, 25.83426938964853, 7.751807634734331, 9.267371236241111, 0.0, 9.64941738154894, 26.608948700885673, 34.56597951253302], [32.46359516222209, 27.077087337317355, 29.04672513036208, 14.947035494904481, 16.387797071478918, 7.382258564346884, 9.953136926936756, 9.64941738154894, 0.0, 33.95531626263732, 36.45979357058758], [18.382973161160724, 23.34197735174969, 40.631284550226226, 35.623662421037515, 46.28525822210232, 26.995951279293777, 35.58530537788126, 26.608948700885673, 33.95531626263732, 0.0, 22.073065753428853], [4.751473851795682, 10.104907455033489, 25.275848434718235, 45.84493014453123, 41.01553997901531, 29.578917381755318, 43.249105132812815, 34.56597951253302, 36.45979357058758, 22.073065753428853, 0.0]]