[[0.0, 0.3524950538463971, 0.4404603022319963, 0.06501339089750591, 0.8539137377850907, 1.98288338622492, 1.9447489115673795, 1.9383012127109822, 1.6925581526771034, 1.3441695679942058, 0.11490233929147198], [0.3524950538463971, 0.0, 0.0060962100292718535, 0.6648817264870885, 0.15152267851964574, 1.7768154797513667, 1.8615293807215154, 1.871089993616109, 1.9981568919016928, 1.9383565242353618, 0.0722275125246119], [0.4404603022319963, 0.0060962100292718535, 1.1102230246251565e-16, 0.7708004173518177, 0.09834691000674922, 1.702651752809964, 1.800302094657058, 1.8116328563443722, 1.9853812070772596, 1.9707464129649694, 0.11902312340111443], [0.06501339089750591, 0.6648817264870885, 0.7708004173518177, 2.220446049250313e-16, 1.2142892249411863, 1.8536399798857168, 1.7670642992829773, 1.7546429163689785, 1.391677732809865, 0.988779392050174, 0.33751690865455297], [0.8539137377850907, 0.15152267851964574, 0.09834691000674922, 1.2142892249411863, 0.0, 1.3258381224165405, 1.462293102571668, 1.479181997249076, 1.8147964041632596, 1.9791132182355666, 0.4102869862725753], [1.98288338622492, 1.7768154797513667, 1.702651752809964, 1.8536399798857168, 1.3258381224165405, 1.1102230246251565e-16, 0.011032731742783963, 0.014049494687486952, 0.18640043642239157, 0.4887476503218049, 1.9556888511943797], [1.9447489115673795, 1.8615293807215154, 1.800302094657058, 1.7670642992829773, 1.462293102571668, 0.011032731742783963, 0.0, 0.00018322195921660622, 0.10924764108844531, 0.36707708596791044, 1.9887525469636615], [1.9383012127109822, 1.871089993616109, 1.8116328563443722, 1.7546429163689785, 1.479181997249076, 0.014049494687486952, 0.00018322195921660622, 0.0, 0.1007110874235877, 0.3523731489062142, 1.9914342538487302], [1.6925581526771034, 1.9981568919016928, 1.9853812070772596, 1.391677732809865, 1.8147964041632596, 0.18640043642239157, 0.10924764108844531, 0.1007110874235877, 2.220446049250313e-16, 0.08435031640845592, 1.9487073507244492], [1.3441695679942058, 1.9383565242353618, 1.9707464129649694, 0.988779392050174, 1.9791132182355666, 0.4887476503218049, 0.36707708596791044, 0.3523731489062142, 0.08435031640845592, 0.0, 1.7415962479924412], [0.11490233929147198, 0.0722275125246119, 0.11902312340111443, 0.33751690865455297, 0.4102869862725753, 1.9556888511943797, 1.9887525469636615, 1.9914342538487302, 1.9487073507244492, 1.7415962479924412, 0.0]]