[[0.0, 3.5206649245094885, 19.06637837924239, 14.905993675644838, 22.204842327561913, 13.640210548250067, 15.647624327640845, 28.524514440487774, 8.351099509844587, 31.869188252707822, 15.612497738952886], [3.5206649245094885, 0.0, 16.149970300298538, 16.96508312528329, 18.701060931185815, 14.256523379741298, 16.623049896976863, 29.501493607004626, 10.317056566934584, 34.93676504981258, 14.290959423126413], [19.06637837924239, 16.149970300298538, 0.0, 24.097641440711854, 9.718538150924617, 28.97008458496035, 31.614508710700452, 43.91983805847831, 26.37009684464302, 50.935556725096745, 9.803612729353356], [14.905993675644838, 16.96508312528329, 24.097641440711854, 0.0, 31.597456862871145, 27.349028145385727, 28.671052881760815, 40.68876423855694, 20.85955648031212, 35.2845403069879, 14.960424011576528], [22.204842327561913, 18.701060931185815, 9.718538150924617, 31.597456862871145, 0.0, 27.632540555709003, 30.318419599038105, 41.18077054905095, 27.30910598587863, 52.75781155345861, 18.863881738744606], [13.640210548250067, 14.256523379741298, 28.97008458496035, 27.349028145385727, 27.632540555709003, 0.0, 2.704134519756, 15.266845440223864, 6.62587581199062, 26.803530543398008, 28.545019841138657], [15.647624327640845, 16.623049896976863, 31.614508710700452, 28.671052881760815, 30.318419599038105, 2.704134519756, 0.0, 12.917240035209504, 7.84200650009956, 24.652436296280932, 30.866434223255332], [28.524514440487774, 29.501493607004626, 43.91983805847831, 40.68876423855694, 41.18077054905095, 15.266845440223864, 12.917240035209504, 0.0, 20.416223643940008, 23.966682328448652, 43.771416608435175], [8.351099509844587, 10.317056566934584, 26.37009684464302, 20.85955648031212, 27.30910598587863, 6.62587581199062, 7.84200650009956, 20.416223643940008, 0.0, 25.44907524914803, 23.951856588768152], [31.869188252707822, 34.93676504981258, 50.935556725096745, 35.2845403069879, 52.75781155345861, 26.803530543398008, 24.652436296280932, 23.966682328448652, 25.44907524914803, 0.0, 45.96894687842983], [15.612497738952886, 14.290959423126413, 9.803612729353356, 14.960424011576528, 18.863881738744606, 28.545019841138657, 30.866434223255332, 43.771416608435175, 23.951856588768152, 45.96894687842983, 0.0]]