[[0.0, 3.0710316993657654, 8.087192065824535, 11.311102037183055, 10.577350504466276, 4.038135134647216, 10.620747700981974, 5.197410969062497, 2.9831015001033596, 11.531302736867573, 2.390195104280787], [3.0710316993657654, 0.0, 5.375876639527751, 8.439581387608886, 7.5405412702898555, 6.120902047446126, 7.550464322135701, 6.3621804544663, 5.58670774708567, 8.808309514034775, 4.667133108819541], [8.087192065824535, 5.375876639527751, 0.0, 3.3126954932343904, 5.33965304489297, 11.496613568286842, 4.261170002232887, 11.574762382992393, 10.896294174481712, 3.452225946223464, 8.611413629899209], [11.311102037183055, 8.439581387608886, 3.3126954932343904, 0.0, 4.7958344688110035, 14.490943400645696, 3.2645741666266113, 14.309514958915399, 14.024485714867117, 1.2093817040024037, 11.924077452320816], [10.577350504466276, 7.5405412702898555, 5.33965304489297, 4.7958344688110035, 0.0, 12.601629475549762, 1.5319307432551683, 11.788502262860323, 12.615625546027209, 5.97803395909302, 12.080630909901618], [4.038135134647216, 6.120902047446126, 11.496613568286842, 14.490943400645696, 12.601629475549762, 0.0, 13.079185150276556, 2.030198068890064, 1.448946095995128, 14.921725145986935, 5.750133747911003], [10.620747700981974, 7.550464322135701, 4.261170002232887, 3.2645741666266113, 1.5319307432551683, 13.079185150276556, 0.0, 12.481864612132291, 12.92586461382635, 4.451441291490624, 11.858441569120009], [5.197410969062497, 6.3621804544663, 11.574762382992393, 14.309514958915399, 11.788502262860323, 2.030198068890064, 12.481864612132291, 0.0, 3.358906430440833, 14.892175270006533, 7.300013423056753], [2.9831015001033596, 5.58670774708567, 10.896294174481712, 14.024485714867117, 12.615625546027209, 1.448946095995128, 12.92586461382635, 3.358906430440833, 0.0, 14.34769550819084, 4.373158778367262], [11.531302736867573, 8.808309514034775, 3.452225946223464, 1.2093817040024037, 5.97803395909302, 14.921725145986935, 4.451441291490624, 14.892175270006533, 14.34769550819084, 0.0, 11.90261544325832], [2.390195104280787, 4.667133108819541, 8.611413629899209, 11.924077452320816, 12.080630909901618, 5.750133747911003, 11.858441569120009, 7.300013423056753, 4.373158778367262, 11.90261544325832, 0.0]]