[[0.0, 0.07935628041870402, 1.933554373466055, 1.9932671201348997, 1.9929303515979881, 0.023238538950303478, 1.99623477585695, 0.35209289471599403, 0.01159729818508648, 0.23584696098917235, 0.002968492626949648], [0.07935628041870402, 0.0, 1.7867162745561997, 1.8929901477320996, 1.8863177335395953, 0.15853507310296377, 1.9085714619116962, 0.5503888875859883, 0.12466073866663463, 0.29449772394457663, 0.09974038218366299], [1.933554373466055, 1.7867162745561997, 0.0, 0.05928709125429521, 0.060541231869339684, 1.9277141615790931, 0.06017812009204504, 1.8096662219049544, 1.9480649809897472, 1.6905154070612964, 1.9356806444017267], [1.9932671201348997, 1.8929901477320996, 0.05928709125429521, 0.0, 0.003900462368514712, 1.9897238662029002, 0.0033294972572766035, 1.6744037429957397, 1.9939151711560696, 1.77695194996142, 1.9977447672582729], [1.9929303515979881, 1.8863177335395953, 0.060541231869339684, 0.003900462368514712, 1.1102230246251565e-16, 1.9894146354402273, 0.005152839991711011, 1.6643841372083057, 1.993640968777537, 1.7676748584909605, 1.997323770036311], [0.023238538950303478, 0.15853507310296377, 1.9277141615790931, 1.9897238662029002, 1.9894146354402273, 2.220446049250313e-16, 1.9838332113431525, 0.31776983147881255, 0.011194854698077017, 0.2160879159624991, 0.012257514805625425], [1.99623477585695, 1.9085714619116962, 0.06017812009204504, 0.0033294972572766035, 0.005152839991711011, 1.9838332113431525, 0.0, 1.6731245780743744, 1.9947248664108326, 1.78696361658656, 1.998140562914115], [0.35209289471599403, 0.5503888875859883, 1.8096662219049544, 1.6744037429957397, 1.6643841372083057, 0.31776983147881255, 1.6731245780743744, 0.0, 0.28177363817219425, 0.45466450162623884, 0.33841425413408066], [0.01159729818508648, 0.12466073866663463, 1.9480649809897472, 1.9939151711560696, 1.993640968777537, 0.011194854698077017, 1.9947248664108326, 0.28177363817219425, 0.0, 0.1997788684392222, 0.0057760258919935525], [0.23584696098917235, 0.29449772394457663, 1.6905154070612964, 1.77695194996142, 1.7676748584909605, 0.2160879159624991, 1.78696361658656, 0.45466450162623884, 0.1997788684392222, 0.0, 0.2280582308650021], [0.002968492626949648, 0.09974038218366299, 1.9356806444017267, 1.9977447672582729, 1.997323770036311, 0.012257514805625425, 1.998140562914115, 0.33841425413408066, 0.0057760258919935525, 0.2280582308650021, 2.220446049250313e-16]]