[[0.0, 1.282036835393088, 2.525328589924227, 4.173315912637696, 4.60327446628202, 0.4638491358482977, 6.909950780128868, 1.6537542377873984, 1.102621493077942, 1.414360292667422, 2.3357382907473903], [1.282036835393088, 0.0, 1.2771240874759209, 2.917651912724969, 3.3433098297105355, 1.5495842843107266, 5.654629135100427, 0.555603893413919, 2.3520481620155644, 0.47698854569782917, 3.60773551933391], [2.525328589924227, 1.2771240874759209, 0.0, 1.6815404500048028, 2.109849188091826, 2.725797212609755, 4.405726084784563, 0.9859626047605858, 3.575621933535157, 1.2422276596013433, 4.846197917331577], [4.173315912637696, 2.917651912724969, 1.6815404500048028, 0.0, 0.48637482015992733, 4.373691236393173, 2.7492724734661946, 2.5595253942522125, 5.218118868221215, 2.858709434990253, 6.5029072628029345], [4.60327446628202, 3.3433098297105355, 2.109849188091826, 0.48637482015992733, 0.0, 4.803292932253439, 2.3353297924286855, 2.9862169609729796, 5.647831845635351, 3.281141333664774, 6.932669152851618], [0.4638491358482977, 1.5495842843107266, 2.725797212609755, 4.373691236393173, 4.803292932253439, 0.0, 7.096144074537427, 1.845441940865034, 0.9157257325485648, 1.5960938517006438, 2.1697320663714486], [6.909950780128868, 5.654629135100427, 4.405726084784563, 2.7492724734661946, 2.3353297924286855, 7.096144074537427, 0.0, 5.289032958635192, 7.951067583699321, 5.5859826434506665, 9.236811221376927], [1.6537542377873984, 0.555603893413919, 0.9859626047605858, 2.5595253942522125, 2.9862169609729796, 1.845441940865034, 5.289032958635192, 0.0, 2.6709471645156766, 0.5224285474568995, 3.9663661444331932], [1.102621493077942, 2.3520481620155644, 3.575621933535157, 5.218118868221215, 5.647831845635351, 0.9157257325485648, 7.951067583699321, 2.6709471645156766, 0.0, 2.4087140197061063, 1.3331657857980654], [1.414360292667422, 0.47698854569782917, 1.2422276596013433, 2.858709434990253, 3.281141333664774, 1.5960938517006438, 5.5859826434506665, 0.5224285474568995, 2.4087140197061063, 0.0, 3.6987387603291904], [2.3357382907473903, 3.60773551933391, 4.846197917331577, 6.5029072628029345, 6.932669152851618, 2.1697320663714486, 9.236811221376927, 3.9663661444331932, 1.3331657857980654, 3.6987387603291904, 0.0]]