[[2.220446049250313e-16, 0.28610118817861596, 0.6463233931549902, 1.6095847683073632, 1.7109339276637812, 0.754955931053235, 1.8992826979803883, 1.4124277289078784, 0.9175482311611379, 0.6268678453343935, 0.11351359038972142], [0.28610118817861596, 0.0, 0.7199138756609038, 1.44939626539125, 1.5746319151566572, 0.8544094772637991, 1.725944413692412, 1.34250834479853, 0.8084029555475045, 0.676367336770108, 0.39969549080363986], [0.6463233931549902, 0.7199138756609038, 1.1102230246251565e-16, 0.9785825281613151, 1.2710919033479482, 1.405546656826636, 1.3348714039375673, 1.5690636638182807, 1.3741767329669967, 0.6955291785226753, 0.6390990376990126], [1.6095847683073632, 1.44939626539125, 0.9785825281613151, 0.0, 0.393305733242583, 1.6567887239971792, 0.35352367126206674, 1.2478883746350904, 1.4773203940175568, 1.0110111137936566, 1.627176951794835], [1.7109339276637812, 1.5746319151566572, 1.2710919033479482, 0.393305733242583, 0.0, 1.531342393810777, 0.30426213207332675, 1.0159269831142463, 1.450207581899731, 1.1410814704726684, 1.7257197066562826], [0.754955931053235, 0.8544094772637991, 1.405546656826636, 1.6567887239971792, 1.531342393810777, 2.220446049250313e-16, 1.3144177503402539, 0.4525820199585413, 0.16338694046641788, 1.3993525337657853, 0.7364251534775264], [1.8992826979803883, 1.725944413692412, 1.3348714039375673, 0.35352367126206674, 0.30426213207332675, 1.3144177503402539, 2.220446049250313e-16, 0.6936634056649577, 1.1926366323432047, 1.4629134658663427, 1.9054959312381166], [1.4124277289078784, 1.34250834479853, 1.5690636638182807, 1.2478883746350904, 1.0159269831142463, 0.4525820199585413, 0.6936634056649577, 0.0, 0.4319187557845843, 1.534892723357192, 1.3425787201957675], [0.9175482311611379, 0.8084029555475045, 1.3741767329669967, 1.4773203940175568, 1.450207581899731, 0.16338694046641788, 1.1926366323432047, 0.4319187557845843, 0.0, 1.474733415454993, 0.8650841658584318], [0.6268678453343935, 0.676367336770108, 0.6955291785226753, 1.0110111137936566, 1.1410814704726684, 1.3993525337657853, 1.4629134658663427, 1.534892723357192, 1.474733415454993, 0.0, 0.6062788231967804], [0.11351359038972142, 0.39969549080363986, 0.6390990376990126, 1.627176951794835, 1.7257197066562826, 0.7364251534775264, 1.9054959312381166, 1.3425787201957675, 0.8650841658584318, 0.6062788231967804, 0.0]]