[[0.0, 5.113789475962785, 15.70864636219427, 14.538642282727332, 22.16109910953875, 15.196768513931014, 19.495162910893477, 27.08996646015166, 12.48101794714015, 28.508333347617263, 16.3522650836217], [5.113789475962785, 0.0, 15.558755650987836, 12.904260638663548, 19.409921485432882, 13.6683381568919, 15.303738542692708, 22.592088514116877, 7.4698885368963595, 29.243139053428653, 20.626058270562794], [15.70864636219427, 15.558755650987836, 0.0, 28.462849376812308, 10.90390894210323, 29.226944163194073, 28.79953323955156, 34.58233419638661, 19.683577804040436, 44.12162374404809, 16.78934424293695], [14.538642282727332, 12.904260638663548, 28.462849376812308, 0.0, 30.918495979584854, 0.7842066676815168, 10.296750675638917, 17.49335518639623, 12.11649588987669, 17.86080879811545, 30.244154345150392], [22.16109910953875, 19.409921485432882, 10.90390894210323, 30.918495979584854, 0.0, 31.69624647959339, 27.42121708135095, 31.035072507383997, 19.361618607824397, 48.34724084931601, 27.62549920288649], [15.196768513931014, 13.6683381568919, 29.226944163194073, 0.7842066676815168, 31.69624647959339, 0.0, 10.611641624533108, 17.62748243427931, 12.850934274229076, 17.143332695214266, 30.79176402046494], [19.495162910893477, 15.303738542692708, 28.79953323955156, 10.296750675638917, 27.42121708135095, 10.611641624533108, 0.0, 7.821428273039403, 9.117373736033384, 26.173486134485668, 35.76994744513106], [27.08996646015166, 22.592088514116877, 34.58233419638661, 17.49335518639623, 31.035072507383997, 17.62748243427931, 7.821428273039403, 0.0, 15.572023619892482, 30.90393175879629, 43.21033870477947], [12.48101794714015, 7.4698885368963595, 19.683577804040436, 12.11649588987669, 19.361618607824397, 12.850934274229076, 9.117373736033384, 15.572023619892482, 0.0, 29.9723072983605, 27.926365315551454], [28.508333347617263, 29.243139053428653, 44.12162374404809, 17.86080879811545, 48.34724084931601, 17.143332695214266, 26.173486134485668, 30.90393175879629, 29.9723072983605, 0.0, 40.14328028924973], [16.3522650836217, 20.626058270562794, 16.78934424293695, 30.244154345150392, 27.62549920288649, 30.79176402046494, 35.76994744513106, 43.21033870477947, 27.926365315551454, 40.14328028924973, 0.0]]