[[0.0, 0.39551880648771676, 0.9132691168756719, 1.6590002316851482, 1.9966247440682579, 0.3348708528948352, 1.9242175613224122, 0.6560828486433876, 0.2570571653311049, 1.7041207024070653, 0.008977645853035843], [0.39551880648771676, 0.0, 1.741190384273629, 1.9975247498889959, 1.6678371073257183, 0.003083646511749527, 1.8628742711744017, 0.04408292550047932, 0.017683944560219822, 1.9912914754721736, 0.5074506713747418], [0.9132691168756719, 1.741190384273629, 0.0, 0.3078471779257306, 1.0046553452991192, 1.6862272655367243, 0.6997308257160053, 1.905633396824606, 1.6023965053609721, 0.35366444831728283, 0.7808552797505522], [1.6590002316851482, 1.9975247498889959, 0.3078471779257306, 1.1102230246251565e-16, 0.28147905572930276, 1.9999665603724899, 0.10372242162653311, 1.932903508302471, 1.9930499045108334, 0.0019025525629492446, 1.5525252800115812], [1.9966247440682579, 1.6678371073257183, 1.0046553452991192, 0.28147905572930276, 2.220446049250313e-16, 1.7241846939281944, 0.0475536845422454, 1.4198408624550423, 1.795383986554537, 0.2399638732764493, 1.9767019868060465], [0.3348708528948352, 0.003083646511749527, 1.6862272655367243, 1.9999665603724899, 1.7241846939281944, 1.1102230246251565e-16, 1.899874455241398, 0.07007276750593461, 0.0060208119787759085, 1.9985682898967112, 0.4406769436419037], [1.9242175613224122, 1.8628742711744017, 0.6997308257160053, 0.10372242162653311, 0.0475536845422454, 1.899874455241398, 0.0, 1.6764267599555875, 1.9422449079186566, 0.07808351732520391, 1.8648661570846075], [0.6560828486433876, 0.04408292550047932, 1.905633396824606, 1.932903508302471, 1.4198408624550423, 0.07007276750593461, 1.6764267599555875, 0.0, 0.11596499454537523, 1.908924587877964, 0.7847112154660796], [0.2570571653311049, 0.017683944560219822, 1.6023965053609721, 1.9930499045108334, 1.795383986554537, 0.0060208119787759085, 1.9422449079186566, 0.11596499454537523, 0.0, 1.998417140658118, 0.35321729508288124], [1.7041207024070653, 1.9912914754721736, 0.35366444831728283, 0.0019025525629492446, 0.2399638732764493, 1.9985682898967112, 0.07808351732520391, 1.908924587877964, 1.998417140658118, 0.0, 1.6028642656431045], [0.008977645853035843, 0.5074506713747418, 0.7808552797505522, 1.5525252800115812, 1.9767019868060465, 0.4406769436419037, 1.8648661570846075, 0.7847112154660796, 0.35321729508288124, 1.6028642656431045, 0.0]]