[[0.0, 3.7819564151440765, 5.237692838879001, 10.76991252884456, 11.043597685873916, 5.79423719701417, 13.032974362139672, 6.034640183443559, 5.906675183750508, 9.310246631241782, 3.4687301828491237], [3.7819564151440765, 0.0, 5.163626708022374, 9.898457882204063, 8.496053933479548, 4.883545900895952, 11.091537950848956, 3.0732838866398264, 5.710895121016931, 8.190792135145236, 7.151549386049256], [5.237692838879001, 5.163626708022374, 0.0, 5.533796073027928, 6.855594352540127, 9.761683075873806, 8.12611612900997, 8.189262191940545, 10.330690321586184, 4.146681432432439, 7.966958857912758], [10.76991252884456, 9.898457882204063, 5.533796073027928, 0.0, 5.0487083574872775, 14.772873374075687, 3.82571467300794, 12.519273835992276, 15.511484332469767, 1.738011185054267, 13.35535575100102], [11.043597685873916, 8.496053933479548, 6.855594352540127, 5.0487083574872775, 0.0, 13.052558117603796, 3.1633941037982174, 10.120617740214058, 14.0509255449844, 4.1335351070204815, 14.337378320010886], [5.79423719701417, 4.883545900895952, 9.761683075873806, 14.772873374075687, 13.052558117603796, 0.0, 15.848150527834354, 3.216878178960625, 1.1741008566500388, 13.072032998472729, 7.450136688017253], [13.032974362139672, 11.091537950848956, 8.12611612900997, 3.82571467300794, 3.1633941037982174, 15.848150527834354, 0.0, 13.067064453382281, 16.777066350428, 4.150751183265656, 16.062163370268227], [6.034640183443559, 3.0732838866398264, 8.189262191940545, 12.519273835992276, 10.120617740214058, 3.216878178960625, 13.067064453382281, 0.0, 4.372521240229141, 10.7819300912846, 8.855996673547274], [5.906675183750508, 5.710895121016931, 10.330690321586184, 15.511484332469767, 14.0509255449844, 1.1741008566500388, 16.777066350428, 4.372521240229141, 0.0, 13.836630829673156, 6.994037219873641], [9.310246631241782, 8.190792135145236, 4.146681432432439, 1.738011185054267, 4.1335351070204815, 13.072032998472729, 4.150751183265656, 10.7819300912846, 13.836630829673156, 0.0, 12.104985652809857], [3.4687301828491237, 7.151549386049256, 7.966958857912758, 13.35535575100102, 14.337378320010886, 7.450136688017253, 16.062163370268227, 8.855996673547274, 6.994037219873641, 12.104985652809857, 0.0]]