[[2.220446049250313e-16, 0.43900151134253573, 0.9737213706916544, 1.4426937595416853, 1.7648990233376614, 1.8406023551148687, 1.9455734795596769, 1.7311002965774773, 1.995125470952814, 0.41772225978684985, 0.005112195502254169], [0.43900151134253573, 0.0, 0.15772678428006548, 1.9906314180870877, 0.89586882016237, 1.9199658944765194, 1.7998440551011197, 1.9749407487073185, 1.6399006314653386, 1.3463498139058483, 0.525467700557203], [0.9737213706916544, 0.15772678428006548, 0.0, 1.9079965953794482, 0.37617274747778107, 1.563555552417974, 1.3501446554927412, 1.7012466991653024, 1.124733397485765, 1.7974077131692128, 1.074807254462797], [1.4426937595416853, 1.9906314180870877, 1.9079965953794482, 0.0, 1.2389759867834005, 0.14218527479723575, 0.2896154061437871, 0.06457346002991304, 0.4710370467055508, 0.5287847044948097, 1.349878841971186], [1.7648990233376614, 0.89586882016237, 0.37617274747778107, 1.2389759867834005, 0.0, 0.7059297959644202, 0.48634382216920125, 0.8802664578509747, 0.30235360870454264, 1.9690713060538716, 1.8260391311449653], [1.8406023551148687, 1.9199658944765194, 1.563555552417974, 0.14218527479723575, 0.7059297959644202, 0.0, 0.028890217935405027, 0.01588195899250522, 0.11007906106636767, 1.049105821890495, 1.781605462897737], [1.9455734795596769, 1.7998440551011197, 1.3501446554927412, 0.2896154061437871, 0.48634382216920125, 0.028890217935405027, 2.220446049250313e-16, 0.08667438268851868, 0.026944945982948054, 1.2860324253345836, 1.9078776685606145], [1.7311002965774773, 1.9749407487073185, 1.7012466991653024, 0.06457346002991304, 0.8802664578509747, 0.01588195899250522, 0.08667438268851868, 0.0, 0.2051801062761306, 0.8710247840420646, 1.6584627658023345], [1.995125470952814, 1.6399006314653386, 1.124733397485765, 0.4710370467055508, 0.30235360870454264, 0.11007906106636767, 0.026944945982948054, 0.2051801062761306, 1.1102230246251565e-16, 1.4992648465235596, 1.9800792254914459], [0.41772225978684985, 1.3463498139058483, 1.7974077131692128, 0.5287847044948097, 1.9690713060538716, 1.049105821890495, 1.2860324253345836, 0.8710247840420646, 1.4992648465235596, 0.0, 0.3385980367369845], [0.005112195502254169, 0.525467700557203, 1.074807254462797, 1.349878841971186, 1.8260391311449653, 1.781605462897737, 1.9078776685606145, 1.6584627658023345, 1.9800792254914459, 0.3385980367369845, 0.0]]