[[0.0, 14.562074559465037, 32.1398752177538, 33.48836598531931, 40.234607134760154, 21.435169958006004, 33.88392789661938, 23.68511912937753, 23.938214710579317, 20.737904375774164, 8.590277256676977], [14.562074559465037, 0.0, 17.712319623920152, 37.11729830125808, 28.592117588785847, 19.758779375897454, 30.682663769904195, 23.11289859763529, 20.07342603184952, 33.28624333016301, 21.974325791250074], [32.1398752177538, 17.712319623920152, 0.0, 49.676281031606436, 23.60423729013217, 31.60523093317336, 38.20914750486992, 34.83058392198333, 29.93824225385797, 50.70847241137781, 38.79665197390526], [33.48836598531931, 37.11729830125808, 49.676281031606436, 0.0, 38.65376982013691, 18.15653529289187, 16.134528636070822, 14.853304022822536, 19.86702194686048, 24.898369044787675, 39.10198316747784], [40.234607134760154, 28.592117588785847, 23.60423729013217, 38.65376982013691, 0.0, 25.16510251005877, 22.94911587441999, 26.670694577615443, 21.674134966072486, 51.271090554632764, 48.75755913202206], [21.435169958006004, 19.758779375897454, 31.60523093317336, 18.15653529289187, 25.16510251005877, 0.0, 12.473049670907562, 3.406004962105314, 3.5797552979902894, 26.326786749962857, 29.43641080508104], [33.88392789661938, 30.682663769904195, 38.20914750486992, 16.134528636070822, 22.94911587441999, 12.473049670907562, 0.0, 10.47694504974177, 10.734263047777178, 35.04622944846908, 41.729114818773645], [23.68511912937753, 23.11289859763529, 34.83058392198333, 14.853304022822536, 26.670694577615443, 3.406004962105314, 10.47694504974177, 0.0, 5.3896861949768, 25.823327159403377, 31.32098321693547], [23.938214710579317, 20.07342603184952, 29.93824225385797, 19.86702194686048, 21.674134966072486, 3.5797552979902894, 10.734263047777178, 5.3896861949768, 0.0, 29.905811880249075, 32.19251636087832], [20.737904375774164, 33.28624333016301, 50.70847241137781, 24.898369044787675, 51.271090554632764, 26.326786749962857, 35.04622944846908, 25.823327159403377, 29.905811880249075, 0.0, 20.668404675832257], [8.590277256676977, 21.974325791250074, 38.79665197390526, 39.10198316747784, 48.75755913202206, 29.43641080508104, 41.729114818773645, 31.32098321693547, 32.19251636087832, 20.668404675832257, 0.0]]