[[0.0, 1.0025234305621258, 1.529983976121799, 1.9763383845569649, 1.9773179318365193, 0.28173324566838187, 0.582112949066478, 1.4743488581660247, 0.7979934464193417, 0.677287853324114, 0.020633617871667287], [1.0025234305621258, 0.0, 1.8466675785503317, 0.781288593349154, 1.2093105151720451, 0.30604688412071346, 0.09255841267946308, 0.1184688578151275, 0.021128697798685647, 1.9473084863340233, 1.2045634942539363], [1.529983976121799, 1.8466675785503317, 0.0, 0.6659365768976864, 0.30244831402485994, 1.9706863149685447, 1.991887539024288, 1.4951351870889296, 1.9375855109778652, 0.3683954299097123, 1.3476722691235445], [1.9763383845569649, 0.781288593349154, 0.6659365768976864, 0.0, 0.09160350383366422, 1.5508127419226707, 1.2115377400015377, 0.34650356707131147, 0.9854365188682221, 1.5197547264957416, 1.999895225132211], [1.9773179318365193, 1.2093105151720451, 0.30244831402485994, 0.09160350383366422, 0.0, 1.84932286877276, 1.600808047011335, 0.722845812561723, 1.4048360439934129, 1.1149456762390808, 1.9143536480813799], [0.28173324566838187, 0.30604688412071346, 1.9706863149685447, 1.5508127419226707, 1.84932286877276, 2.220446049250313e-16, 0.06774125662691755, 0.728198881693908, 0.17348141231958747, 1.4267488651750497, 0.4371633381400345], [0.582112949066478, 0.09255841267946308, 1.991887539024288, 1.2115377400015377, 1.600808047011335, 0.06774125662691755, 0.0, 0.39843900871474625, 0.025814549020165, 1.7250344838133782, 0.7743365521835954], [1.4743488581660247, 0.1184688578151275, 1.4951351870889296, 0.34650356707131147, 0.722845812561723, 0.728198881693908, 0.39843900871474625, 0.0, 0.23363349653121568, 1.986314567864904, 1.642471063668975], [0.7979934464193417, 0.021128697798685647, 1.9375855109778652, 0.9854365188682221, 1.4048360439934129, 0.17348141231958747, 0.025814549020165, 0.23363349653121568, 0.0, 1.8617943650286475, 1.000088036781535], [0.677287853324114, 1.9473084863340233, 0.3683954299097123, 1.5197547264957416, 1.1149456762390808, 1.4267488651750497, 1.7250344838133782, 1.986314567864904, 1.8617943650286475, 0.0, 0.49266633557288575], [0.020633617871667287, 1.2045634942539363, 1.3476722691235445, 1.999895225132211, 1.9143536480813799, 0.4371633381400345, 0.7743365521835954, 1.642471063668975, 1.000088036781535, 0.49266633557288575, 0.0]]