[[0.0, 3.4747709920510452, 17.651900872859017, 15.305476270371175, 19.006962746560074, 6.75296192490554, 9.241209830767684, 22.96181606921561, 12.126331457724852, 18.76825930747398, 17.64931248293997], [3.4747709920510452, 0.0, 16.363553408067542, 11.84419411674844, 15.903872773764103, 8.183122180567711, 9.360404800149645, 20.42529649737727, 11.516292519456691, 20.39169288000696, 21.124033837026246], [17.651900872859017, 16.363553408067542, 0.0, 16.221209012647023, 12.187109465357446, 24.22208394686456, 25.712716102676715, 31.946584101739028, 27.550940122782603, 15.529467846404467, 30.170289048642225], [15.305476270371175, 11.84419411674844, 16.221209012647023, 0.0, 6.945061043050113, 18.33940255203015, 17.263130944453987, 16.13112240588476, 17.094690538217964, 27.781204392559765, 32.93374362898314], [19.006962746560074, 15.903872773764103, 12.187109465357446, 6.945061043050113, 0.0, 23.59331128264599, 23.243478803419684, 22.596283007417398, 23.5824964710544, 26.471824534480678, 35.859979718764485], [6.75296192490554, 8.183122180567711, 24.22208394686456, 18.33940255203015, 23.59331128264599, 0.0, 3.7282601597702842, 20.595047870924112, 7.102400831800159, 24.623680204748904, 17.565994930558876], [9.241209830767684, 9.360404800149645, 25.712716102676715, 17.263130944453987, 23.243478803419684, 3.7282601597702842, 0.0, 17.113628799297555, 3.3757697059578002, 27.81350401030112, 21.09686885816349], [22.96181606921561, 20.42529649737727, 31.946584101739028, 16.13112240588476, 22.596283007417398, 20.595047870924112, 17.113628799297555, 0.0, 14.143229759558652, 40.61564796800285, 38.157500478384286], [12.126331457724852, 11.516292519456691, 27.550940122782603, 17.094690538217964, 23.5824964710544, 7.102400831800159, 3.3757697059578002, 14.143229759558652, 0.0, 30.867321924999565, 24.305411411647498], [18.76825930747398, 20.39169288000696, 15.529467846404467, 27.781204392559765, 26.471824534480678, 24.623680204748904, 27.81350401030112, 40.61564796800285, 30.867321924999565, 0.0, 20.14272166528809], [17.64931248293997, 21.124033837026246, 30.170289048642225, 32.93374362898314, 35.859979718764485, 17.565994930558876, 21.09686885816349, 38.157500478384286, 24.305411411647498, 20.14272166528809, 0.0]]