[[0.0, 0.6147280937808384, 0.3541339910802087, 1.392746351401354, 0.4891564196147812, 1.5463339529002778, 0.9940642961532999, 1.6976616290040183, 0.418813314418474, 1.1771560712039222, 1.2372594403622572], [0.6147280937808384, 0.0, 0.04665122333302307, 0.30266118559051247, 0.009876784394648785, 1.9833969495983093, 1.920499981878992, 1.9299108707206618, 1.5270348152803415, 1.9764601675083924, 0.19495572037882836], [0.3541339910802087, 0.04665122333302307, 0.0, 0.5515564209875268, 0.013744951044796005, 1.992300045717391, 1.7596036646578956, 1.9975530086298963, 1.245904817577194, 1.865794191979667, 0.4115863517975409], [1.392746351401354, 0.30266118559051247, 0.5515564209875268, 2.220446049250313e-16, 0.41003577213923703, 1.5556955771630316, 1.9219618613903826, 1.384856153025909, 1.9766401955545052, 1.8355231709283224, 0.013429683151369942], [0.4891564196147812, 0.009876784394648785, 0.013744951044796005, 0.41003577213923703, 0.0, 1.9991258737408863, 1.8566263195717956, 1.972289763157275, 1.402681387127065, 1.9365750662775203, 0.2860756266387984], [1.5463339529002778, 1.9833969495983093, 1.992300045717391, 1.5556955771630316, 1.9991258737408863, 0.0, 0.16569019427651677, 0.01878748438679645, 0.6359345479168028, 0.0788941821929493, 1.684028919025398], [0.9940642961532999, 1.920499981878992, 1.7596036646578956, 1.9219618613903826, 1.8566263195717956, 0.16569019427651677, 0.0, 0.28772631142499006, 0.18279432342222146, 0.01688611292642317, 1.9728375110787395], [1.6976616290040183, 1.9299108707206618, 1.9975530086298963, 1.384856153025909, 1.972289763157275, 0.01878748438679645, 0.28772631142499006, 0.0, 0.822464319911882, 0.1713094811901229, 1.5304439772360774], [0.418813314418474, 1.5270348152803415, 1.245904817577194, 1.9766401955545052, 1.402681387127065, 0.6359345479168028, 0.18279432342222146, 0.822464319911882, 0.0, 0.30206208026505965, 1.9284261546606911], [1.1771560712039222, 1.9764601675083924, 1.865794191979667, 1.8355231709283224, 1.9365750662775203, 0.0788941821929493, 0.01688611292642317, 0.1713094811901229, 0.30206208026505965, 0.0, 1.9140487833314173], [1.2372594403622572, 0.19495572037882836, 0.4115863517975409, 0.013429683151369942, 0.2860756266387984, 1.684028919025398, 1.9728375110787395, 1.5304439772360774, 1.9284261546606911, 1.9140487833314173, 0.0]]