[[0.0, 5.069449587874738, 21.369550211739526, 17.845712661898826, 22.830895150342265, 10.35917578672488, 15.290437545823284, 23.499780976794995, 8.602036270558777, 38.52648926041747, 17.94423365774987], [5.069449587874738, 0.0, 18.571021993925957, 13.04769916356457, 19.273871939811507, 13.159870403145817, 19.81578972149135, 25.818859843311447, 13.669888724063073, 42.86263375189013, 12.929458859379224], [21.369550211739526, 18.571021993925957, 0.0, 21.73542871850445, 4.084784965915586, 31.426080619898283, 36.128100549460655, 44.34630515308396, 27.799249127220357, 59.25543698676559, 19.222122861971975], [17.845712661898826, 13.04769916356457, 21.73542871850445, 0.0, 19.810649231793878, 21.622822344068222, 30.42820011097855, 30.922249878939038, 26.167993437080256, 51.99048046697962, 2.7663347579504127], [22.830895150342265, 19.273871939811507, 4.084784965915586, 19.810649231793878, 0.0, 32.41539634854093, 37.98434018217943, 45.00893185402475, 30.015673446652414, 61.2310923516201, 17.128618590267443], [10.35917578672488, 13.159870403145817, 31.426080619898283, 21.622822344068222, 32.41539634854093, 0.0, 9.336602305310747, 13.141748915311677, 10.390804892609959, 30.54631836306073, 22.97170522309845], [15.290437545823284, 19.81578972149135, 36.128100549460655, 30.42820011097855, 37.98434018217943, 9.336602305310747, 0.0, 14.655691826262178, 8.813539239149023, 23.256591546976825, 31.441880619356898], [23.499780976794995, 25.818859843311447, 44.34630515308396, 30.922249878939038, 45.00893185402475, 13.141748915311677, 14.655691826262178, 0.0, 21.539978125620543, 23.539942345738908, 32.9906715696739], [8.602036270558777, 13.669888724063073, 27.799249127220357, 26.167993437080256, 30.015673446652414, 10.390804892609959, 8.813539239149023, 21.539978125620543, 0.0, 31.494089275557794, 26.47532824772342], [38.52648926041747, 42.86263375189013, 59.25543698676559, 51.99048046697962, 61.2310923516201, 30.54631836306073, 23.256591546976825, 23.539942345738908, 31.494089275557794, 0.0, 53.49471492409619], [17.94423365774987, 12.929458859379224, 19.222122861971975, 2.7663347579504127, 17.128618590267443, 22.97170522309845, 31.441880619356898, 32.9906715696739, 26.47532824772342, 53.49471492409619, 0.0]]