[[0.0, 0.6208915436390711, 1.961430923588417, 1.444911935154218, 1.9852645062158598, 0.06368766665787828, 0.20826256492414652, 1.1130220062537135, 0.09158763381290447, 0.06027344880273722, 0.5332052530514446], [0.6208915436390711, 0.0, 1.6190014931145482, 1.9973915887863765, 1.2152520999887508, 0.9699905036516827, 0.13458353566407277, 1.9622706353985284, 0.2687462542108836, 0.32733888759568475, 0.004684391864270054], [1.961430923588417, 1.6190014931145482, 0.0, 0.32592332067486196, 0.09977952339227758, 1.8036120028346032, 1.9292161871258977, 0.6180530091136435, 1.9883658951718912, 1.9975279660070662, 1.6920325941979173], [1.444911935154218, 1.9973915887863765, 0.32592332067486196, 0.0, 0.7148209244336668, 1.1020791688478204, 1.8993253545860127, 0.05987924238032727, 1.7785810256318255, 1.7243165160417562, 1.999697754475234], [1.9852645062158598, 1.2152520999887508, 0.09977952339227758, 0.7148209244336668, 0.0, 1.9825782935926317, 1.6755905134591116, 1.058585080095395, 1.8235198716682, 1.8673968669027559, 1.3086565318517587], [0.06368766665787828, 0.9699905036516827, 1.8036120028346032, 1.1020791688478204, 1.9825782935926317, 0.0, 0.47320172136114225, 0.756905658680288, 0.29625712059309095, 0.24019634964577719, 0.8734955651022344], [0.20826256492414652, 0.13458353566407277, 1.9292161871258977, 1.8993253545860127, 1.6755905134591116, 0.47320172136114225, 2.220446049250313e-16, 1.6964311992622463, 0.025389785167423407, 0.0471133107840751, 0.09019613098311263], [1.1130220062537135, 1.9622706353985284, 0.6180530091136435, 0.05987924238032727, 1.058585080095395, 0.756905658680288, 1.6964311992622463, 0.0, 1.5180670839384434, 1.4459457842375913, 1.9314571770234579], [0.09158763381290447, 0.2687462542108836, 1.9883658951718912, 1.7785810256318255, 1.8235198716682, 0.29625712059309095, 0.025389785167423407, 1.5180670839384434, 0.0, 0.0033895795554041985, 0.20622641303374567], [0.06027344880273722, 0.32733888759568475, 1.9975279660070662, 1.7243165160417562, 1.8673968669027559, 0.24019634964577719, 0.0471133107840751, 1.4459457842375913, 0.0033895795554041985, 0.0, 0.25895216009426414], [0.5332052530514446, 0.004684391864270054, 1.6920325941979173, 1.999697754475234, 1.3086565318517587, 0.8734955651022344, 0.09019613098311263, 1.9314571770234579, 0.20622641303374567, 0.25895216009426414, 0.0]]