[[0.0, 3.5825038191020324, 12.776277320484862, 14.81579032204091, 23.070030739533046, 9.483123277356153, 2.544216338386292, 18.090895905889344, 4.491079154911051, 1.441786444682407, 25.26646236126821], [3.5825038191020324, 0.0, 10.69508593128792, 15.045301940185245, 19.979765499601154, 13.04181277125387, 2.38417130920901, 19.493331194866926, 6.145431084570717, 3.140364999118731, 24.51961796917638], [12.776277320484862, 10.69508593128792, 0.0, 9.438235319321452, 11.834153246931681, 20.955027666946805, 12.995701560330868, 16.165698909447407, 16.69454552602113, 13.30111486035821, 33.76263559013234], [14.81579032204091, 15.045301940185245, 9.438235319321452, 0.0, 19.917634871008502, 19.052307035712452, 16.517278936802583, 6.8427211838909585, 19.292235994181624, 16.05045815254583, 39.55563627311267], [23.070030739533046, 19.979765499601154, 11.834153246931681, 19.917634871008502, 0.0, 32.13296548606153, 22.31528253154685, 26.69315769434758, 25.997201800509387, 23.084526482143797, 37.59514900158759], [9.483123277356153, 13.04181277125387, 20.955027666946805, 19.052307035712452, 32.13296548606153, 0.0, 11.305146875877472, 18.88619950218381, 9.286491941039214, 10.101354869599271, 28.237363364791403], [2.544216338386292, 2.38417130920901, 12.995701560330868, 16.517278936802583, 22.31528253154685, 11.305146875877472, 0.0, 20.32528697048321, 3.7620076188815945, 1.272260951826837, 23.156395907800512], [18.090895905889344, 19.493331194866926, 16.165698909447407, 6.8427211838909585, 26.69315769434758, 18.88619950218381, 20.32528697048321, 0.0, 22.20282143738172, 19.506521376700594, 43.351696439715646], [4.491079154911051, 6.145431084570717, 16.69454552602113, 19.292235994181624, 25.997201800509387, 9.286491941039214, 3.7620076188815945, 22.20282143738172, 0.0, 3.466036226828231, 21.26338077260951], [1.441786444682407, 3.140364999118731, 13.30111486035821, 16.05045815254583, 23.084526482143797, 10.101354869599271, 1.272260951826837, 19.506521376700594, 3.466036226828231, 0.0, 23.86524734565511], [25.26646236126821, 24.51961796917638, 33.76263559013234, 39.55563627311267, 37.59514900158759, 28.237363364791403, 23.156395907800512, 43.351696439715646, 21.26338077260951, 23.86524734565511, 0.0]]