[[1.1102230246251565e-16, 0.28956204217363135, 1.409644177003248, 1.7182475239620254, 1.8896646796922423, 0.22614245679636225, 1.9039860960714008, 0.6812076662840079, 0.18461646226421635, 0.7913795988393516, 0.0788231439093553], [0.28956204217363135, 0.0, 1.586399667946261, 1.4517952790769786, 1.6092989255986074, 0.4104436157822433, 1.6624873091824148, 0.8771499566158212, 0.45760290978483187, 0.8339207873685278, 0.3363209258585582], [1.409644177003248, 1.586399667946261, 0.0, 0.5240973519262424, 0.5473694814415724, 1.5940935112159005, 0.6263687744646041, 1.389915501281475, 1.5534898937654837, 0.7461938549201614, 1.3836739655894852], [1.7182475239620254, 1.4517952790769786, 0.5240973519262424, 0.0, 0.20596924095517, 1.7932588414599326, 0.20407991890744714, 1.7073401160809087, 1.8366173670027401, 1.0019264811424113, 1.7705095578237944], [1.8896646796922423, 1.6092989255986074, 0.5473694814415724, 0.20596924095517, 1.1102230246251565e-16, 1.8727649157859614, 0.08849716156607845, 1.495032711065749, 1.9196116434269057, 1.042492482975445, 1.9013503995993635], [0.22614245679636225, 0.4104436157822433, 1.5940935112159005, 1.7932588414599326, 1.8727649157859614, 0.0, 1.8461892605731287, 0.4692835728190409, 0.08012696192626823, 1.137321654874853, 0.19385995683504853], [1.9039860960714008, 1.6624873091824148, 0.6263687744646041, 0.20407991890744714, 0.08849716156607845, 1.8461892605731287, 0.0, 1.4711388848042746, 1.8933727014210375, 1.250034075000852, 1.9472261124587442], [0.6812076662840079, 0.8771499566158212, 1.389915501281475, 1.7073401160809087, 1.495032711065749, 0.4692835728190409, 1.4711388848042746, 0.0, 0.43819404660474726, 1.1459782282384958, 0.6255960518980153], [0.18461646226421635, 0.45760290978483187, 1.5534898937654837, 1.8366173670027401, 1.9196116434269057, 0.08012696192626823, 1.8933727014210375, 0.43819404660474726, 1.1102230246251565e-16, 1.068891983382793, 0.14027660609646342], [0.7913795988393516, 0.8339207873685278, 0.7461938549201614, 1.0019264811424113, 1.042492482975445, 1.137321654874853, 1.250034075000852, 1.1459782282384958, 1.068891983382793, 1.1102230246251565e-16, 0.7669044612127073], [0.0788231439093553, 0.3363209258585582, 1.3836739655894852, 1.7705095578237944, 1.9013503995993635, 0.19385995683504853, 1.9472261124587442, 0.6255960518980153, 0.14027660609646342, 0.7669044612127073, 2.220446049250313e-16]]