[[0.0, 1.2655082082034215, 2.626921576892962, 3.1484450828129806, 4.043030306169146, 1.3037187843631235, 5.312897075237687, 1.8461986463760922, 1.6954397487560786, 1.9615142466962514, 1.610812545462904], [1.2655082082034215, 0.0, 2.562672665825064, 2.6882441121343814, 3.532918140268186, 1.6763153329514502, 4.810466521264735, 1.9053778586750372, 2.343396694407275, 1.8320875083060608, 2.3616092000062587], [2.626921576892962, 2.562672665825064, 0.0, 1.5538438604915032, 2.156541000706296, 3.050180401331031, 3.40465992625852, 2.2645469644477476, 3.7193145568003825, 1.6325469703070634, 3.812645223422043], [3.1484450828129806, 2.6882441121343814, 1.5538438604915032, 0.0, 1.4821982961857514, 3.4844720572676544, 2.5657661619018164, 2.76881819169984, 4.256028438547401, 2.1007168853253333, 4.464117606352448], [4.043030306169146, 3.532918140268186, 2.156541000706296, 1.4821982961857514, 0.0, 4.294899544127225, 1.7820367338455436, 3.288146576257825, 5.083350162801576, 2.7822148638148105, 5.3416764717531215], [1.3037187843631235, 1.6763153329514502, 3.050180401331031, 3.4844720572676544, 4.294899544127225, 0.0, 5.503855298071726, 1.7494408546335916, 1.214417148934804, 2.570971609431572, 1.8740226103203454], [5.312897075237687, 4.810466521264735, 3.40465992625852, 2.5657661619018164, 1.7820367338455436, 5.503855298071726, 0.0, 4.472090389618262, 6.2885534138799555, 4.195078947867663, 6.659123010318721], [1.8461986463760922, 1.9053778586750372, 2.2645469644477476, 2.76881819169984, 3.288146576257825, 1.7494408546335916, 4.472090389618262, 0.0, 2.317196297275913, 2.019080727446326, 2.860986184829514], [1.6954397487560786, 2.343396694407275, 3.7193145568003825, 4.256028438547401, 5.083350162801576, 1.214417148934804, 6.2885534138799555, 2.317196297275913, 0.0, 3.1628994231798813, 1.578441071215236], [1.9615142466962514, 1.8320875083060608, 1.6325469703070634, 2.1007168853253333, 2.7822148638148105, 2.570971609431572, 4.195078947867663, 2.019080727446326, 3.1628994231798813, 0.0, 3.0511711846264267], [1.610812545462904, 2.3616092000062587, 3.812645223422043, 4.464117606352448, 5.3416764717531215, 1.8740226103203454, 6.659123010318721, 2.860986184829514, 1.578441071215236, 3.0511711846264267, 0.0]]