[[0.0, 1.3020865030228115, 0.8228857522331402, 1.4625457567142885, 1.859986909611066, 1.0280744387632683, 1.959320852168355, 1.5387852747646362, 1.2758228111613066, 1.167849915030371, 0.0011522687787028918], [1.3020865030228115, 1.1102230246251565e-16, 1.9917132604283045, 1.7054453019878186, 1.226683951447488, 0.03861432322131564, 0.9793304511011314, 0.034155617458257126, 0.00037631719486219684, 1.889050714550613, 1.2559888003706325], [0.8228857522331402, 1.9917132604283045, 0.0, 0.20934484167081102, 0.6500677862917361, 1.9887747482759526, 0.8920546682371719, 1.9245509042915145, 1.9948642281867146, 0.0595014526758485, 0.8703228683069756], [1.4625457567142885, 1.7054453019878186, 0.20934484167081102, 0.0, 0.14977279742205152, 1.873260233907821, 0.3059682895574384, 1.497693370747267, 1.7246223726083298, 0.04834484100229963, 1.5045620613122428], [1.859986909611066, 1.226683951447488, 0.6500677862917361, 0.14977279742205152, 0.0, 1.4859712950714328, 0.03092516141839219, 0.9665640038440152, 1.2533161588365407, 0.3525752550747018, 1.8834869453151724], [1.0280744387632683, 0.03861432322131564, 1.9887747482759526, 1.873260233907821, 1.4859712950714328, 0.0, 1.2552744132618843, 0.14276283692862213, 0.03142680576300405, 1.9807116965920408, 0.9800692377278175], [1.959320852168355, 0.9793304511011314, 0.8920546682371719, 0.3059682895574384, 0.03092516141839219, 1.2552744132618843, 2.220446049250313e-16, 0.7209689845327394, 1.0067639707362455, 0.5606653594218725, 1.9717644009773556], [1.5387852747646362, 0.034155617458257126, 1.9245509042915145, 1.497693370747267, 0.9665640038440152, 0.14276283692862213, 0.7209689845327394, 0.0, 0.04162723493449361, 1.7400559573906125, 1.4977341137180233], [1.2758228111613066, 0.00037631719486219684, 1.9948642281867146, 1.7246223726083298, 1.2533161588365407, 0.03142680576300405, 1.0067639707362455, 0.04162723493449361, 0.0, 1.9012745760540544, 1.22937489352296], [1.167849915030371, 1.889050714550613, 0.0595014526758485, 0.04834484100229963, 0.3525752550747018, 1.9807116965920408, 0.5606653594218725, 1.7400559573906125, 1.9012745760540544, 2.220446049250313e-16, 1.2149673949407311], [0.0011522687787028918, 1.2559888003706325, 0.8703228683069756, 1.5045620613122428, 1.8834869453151724, 0.9800692377278175, 1.9717644009773556, 1.4977341137180233, 1.22937489352296, 1.2149673949407311, 0.0]]