[[0.0, 4.465223318641669, 5.072068449981049, 9.819735176703746, 10.496211376945391, 7.743265458046732, 12.225307885422382, 10.819481827139342, 10.400854455718504, 9.863181560195056, 3.8040187248075963], [4.465223318641669, 0.0, 3.9444641422390703, 7.343892236040146, 6.6531827961302525, 5.9043795033484265, 8.021263740997552, 7.4574665291194275, 7.925679805158639, 8.544530453039167, 8.231430434255024], [5.072068449981049, 3.9444641422390703, 0.0, 4.76993100089092, 6.255914039543143, 9.809240211349541, 8.405401148340417, 11.20467820453149, 11.860333003027398, 4.997260898821001, 8.418617516472793], [9.819735176703746, 7.343892236040146, 4.76993100089092, 0.0, 3.749227618787771, 12.919673167971402, 5.9592909959844, 12.903375969973105, 14.296258309468145, 2.614512636333267, 13.157408133625143], [10.496211376945391, 6.6531827961302525, 6.255914039543143, 3.749227618787771, 0.0, 11.07797426058415, 2.327367104457139, 10.059661184378902, 11.837948635794103, 6.352469137895443, 14.231952994105221], [7.743265458046732, 5.9043795033484265, 9.809240211349541, 12.919673167971402, 11.07797426058415, 0.0, 11.396299640111522, 4.070688889815935, 2.731627593832373, 14.407084249942113, 10.176518615931759], [12.225307885422382, 8.021263740997552, 8.405401148340417, 5.9592909959844, 2.327367104457139, 11.396299640111522, 0.0, 9.535002219635508, 11.61149796796907, 8.57278363719237, 16.019165383006957], [10.819481827139342, 7.4574665291194275, 11.20467820453149, 12.903375969973105, 10.059661184378902, 4.070688889815935, 9.535002219635508, 0.0, 2.3861599534265316, 14.953546093427034, 13.8249128992262], [10.400854455718504, 7.925679805158639, 11.860333003027398, 14.296258309468145, 11.837948635794103, 2.731627593832373, 11.61149796796907, 2.3861599534265316, 0.0, 16.10158953555963, 12.904302161311243], [9.863181560195056, 8.544530453039167, 4.997260898821001, 2.614512636333267, 6.352469137895443, 14.407084249942113, 8.57278363719237, 14.953546093427034, 16.10158953555963, 0.0, 12.692813700953142], [3.8040187248075963, 8.231430434255024, 8.418617516472793, 13.157408133625143, 14.231952994105221, 10.176518615931759, 16.019165383006957, 13.8249128992262, 12.904302161311243, 12.692813700953142, 0.0]]