[[0.0, 0.5042807842430532, 1.9532748274201799, 1.3324751378071151, 1.996232129562411, 0.011753160077605851, 0.27579858165876436, 1.0039339456611711, 0.05515596090796593, 0.011140608416323361, 0.518681330103392], [0.5042807842430532, 0.0, 1.7349291900541304, 1.9838909289116682, 1.418530640633939, 0.6428690320313566, 0.042103651691127286, 1.8704262612130926, 0.24717663227537012, 0.38052744691232754, 0.00013619252268970428], [1.9532748274201799, 1.7349291900541304, 0.0, 0.3981414748874754, 0.0765175522893623, 1.8958891683166277, 1.8986907433553166, 0.6941477485371284, 1.9996414708245884, 1.9876238071216865, 1.7236373308811492], [1.3324751378071151, 1.9838909289116682, 0.3981414748874754, 1.1102230246251565e-16, 0.7505707066465181, 1.1843972195599692, 1.8911381740749489, 0.05558733841943664, 1.6230257644929953, 1.4691558614448832, 1.9867072629876872], [1.996232129562411, 1.418530640633939, 0.0765175522893623, 0.7505707066465181, 1.1102230246251565e-16, 1.9977808863939845, 1.661666892299294, 1.0828070415273936, 1.9128791641261795, 1.972223980451123, 1.4034850899120428], [0.011753160077605851, 0.6428690320313566, 1.8958891683166277, 1.1843972195599692, 1.9977808863939845, 0.0, 0.38972525534904867, 0.851022338079918, 0.1163278093081559, 0.04551741885230032, 0.6583328639265782], [0.27579858165876436, 0.042103651691127286, 1.8986907433553166, 1.8911381740749489, 1.661666892299294, 0.38972525534904867, 2.220446049250313e-16, 1.6924321375928253, 0.08988816771771146, 0.181219567673771, 0.04697250841055933], [1.0039339456611711, 1.8704262612130926, 0.6941477485371284, 0.05558733841943664, 1.0828070415273936, 0.851022338079918, 1.6924321375928253, 0.0, 1.331235028263982, 1.1527415913093402, 1.8784323838543275], [0.05515596090796593, 0.24717663227537012, 1.9996414708245884, 1.6230257644929953, 1.9128791641261795, 0.1163278093081559, 0.08988816771771146, 1.331235028263982, 0.0, 0.0169297980032328, 0.25814215732805634], [0.011140608416323361, 0.38052744691232754, 1.9876238071216865, 1.4691558614448832, 1.972223980451123, 0.04551741885230032, 0.181219567673771, 1.1527415913093402, 0.0169297980032328, 2.220446049250313e-16, 0.39356738763518384], [0.518681330103392, 0.00013619252268970428, 1.7236373308811492, 1.9867072629876872, 1.4034850899120428, 0.6583328639265782, 0.04697250841055933, 1.8784323838543275, 0.25814215732805634, 0.39356738763518384, 0.0]]