[[0.0, 2.918374394670237, 11.779518886999872, 15.50055524838192, 16.952938560525812, 5.9901858664153895, 2.978354157600909, 17.524695879804252, 3.434545718811871, 3.198201513155183, 24.14522945675583], [2.918374394670237, 0.0, 10.143429310330621, 16.06958588175582, 14.595840347490102, 8.745128441853062, 2.4364653334030377, 18.982880171743737, 5.057983515945681, 5.436957693359032, 23.54464256911359], [11.779518886999872, 10.143429310330621, 0.0, 11.23724811006323, 6.600716476759376, 17.352135619686667, 12.574102276915458, 16.697656117597923, 14.963530027646847, 14.968890681793503, 32.310674204383794], [15.50055524838192, 16.06958588175582, 11.23724811006323, 0.0, 16.97354853780901, 18.216021443236837, 18.016071071630726, 6.052681686626961, 18.743213624852277, 18.024083179366755, 39.52166641938879], [16.952938560525812, 14.595840347490102, 6.600716476759376, 16.97354853780901, 0.0, 22.880110535313364, 16.7946926998389, 22.807098641927457, 19.652453602820867, 19.963365653207738, 33.48121088527952], [5.9901858664153895, 8.745128441853062, 17.352135619686667, 18.216021443236837, 22.880110535313364, 0.0, 7.45912783419793, 18.2728310162363, 4.686338747612085, 3.6498180403237193, 24.038667561340457], [2.978354157600909, 2.4364653334030377, 12.574102276915458, 18.016071071630726, 16.7946926998389, 7.45912783419793, 0.0, 20.412879129174794, 3.0591337537104515, 3.83234183876047, 21.50578316430591], [17.524695879804252, 18.982880171743737, 16.697656117597923, 6.052681686626961, 22.807098641927457, 18.2728310162363, 20.412879129174794, 0.0, 20.236915982511295, 19.264538842079965, 41.49509489222622], [3.434545718811871, 5.057983515945681, 14.963530027646847, 18.743213624852277, 19.652453602820867, 4.686338747612085, 3.0591337537104515, 20.236915982511295, 0.0, 1.1842006951780821, 21.258551350955223], [3.198201513155183, 5.436957693359032, 14.968890681793503, 18.024083179366755, 19.963365653207738, 3.6498180403237193, 3.83234183876047, 19.264538842079965, 1.1842006951780821, 0.0, 22.25729061830767], [24.14522945675583, 23.54464256911359, 32.310674204383794, 39.52166641938879, 33.48121088527952, 24.038667561340457, 21.50578316430591, 41.49509489222622, 21.258551350955223, 22.25729061830767, 0.0]]