[[1.1102230246251565e-16, 0.35836783430920516, 0.38856619638644163, 1.8025833565815974, 1.4201442982299401, 1.736618695601289, 1.9780243813792175, 1.8590647569775114, 1.994853973784478, 0.6475625716993569, 0.013958645046635465], [0.35836783430920516, 0.0, 0.00075080483671075, 1.9725169194261092, 0.5735470029593669, 1.991375152983381, 1.4676170454849555, 1.943811902372702, 1.7160433661508196, 1.4916622374512207, 0.49503218218944567], [0.38856619638644163, 0.00075080483671075, 1.1102230246251565e-16, 1.96276605254856, 0.538823463156989, 1.9855533318378935, 1.4330195156998728, 1.9302992657584197, 1.6884607480520137, 1.52503024801031, 0.5288521653351514], [1.8025833565815974, 1.9725169194261092, 1.96276605254856, 0.0, 1.2041337502554768, 0.005357159010454193, 0.3394268590827251, 0.005179838446937701, 0.14110583199064897, 0.7245971888325533, 1.692056120907963], [1.4201442982299401, 0.5735470029593669, 0.538823463156989, 1.2041337502554768, 0.0, 1.304234752434034, 0.3998923590880421, 1.103566218201427, 0.6739605816917552, 1.997305232430894, 1.5653718301383182], [1.736618695601289, 1.991375152983381, 1.9855533318378935, 0.005357159010454193, 1.304234752434034, 0.0, 0.4205728423562367, 0.021017000423667387, 0.1986489805753071, 0.626698776938416, 1.613730768407513], [1.9780243813792175, 1.4676170454849555, 1.4330195156998728, 0.3394268590827251, 0.3998923590880421, 0.4205728423562367, 0.0, 0.2665331380599196, 0.04813264374141224, 1.5398052309234362, 1.9990862856793736], [1.8590647569775114, 1.943811902372702, 1.9302992657584197, 0.005179838446937701, 1.103566218201427, 0.021017000423667387, 0.2665331380599196, 0.0, 0.09349408984264718, 0.823743400351832, 1.7618472330863693], [1.994853973784478, 1.7160433661508196, 1.6884607480520137, 0.14110583199064897, 0.6739605816917552, 0.1986489805753071, 0.04813264374141224, 0.09349408984264718, 0.0, 1.2558057275975942, 1.96409746151738], [0.6475625716993569, 1.4916622374512207, 1.52503024801031, 0.7245971888325533, 1.997305232430894, 0.626698776938416, 1.5398052309234362, 0.823743400351832, 1.2558057275975942, 0.0, 0.4966649781070579], [0.013958645046635465, 0.49503218218944567, 0.5288521653351514, 1.692056120907963, 1.5653718301383182, 1.613730768407513, 1.9990862856793736, 1.7618472330863693, 1.96409746151738, 0.4966649781070579, 0.0]]