[[0.0, 13.514880407316173, 24.198410842274466, 38.73053953330914, 30.819508551294355, 21.350444951674106, 34.53486594800741, 26.716881553339427, 26.282420363317875, 22.756920465426504, 7.288697676076014], [13.514880407316173, 0.0, 13.722338672194747, 41.78193642688557, 20.598127333221726, 24.07701664401585, 30.98506429953112, 28.70224520473963, 25.75954262737282, 34.459666531622055, 19.637993109159485], [24.198410842274466, 13.722338672194747, 0.0, 55.23628862716084, 27.82770486857316, 37.729332925331086, 42.56039182851386, 42.17901799196866, 38.79729474640381, 46.77276798181198, 27.76172971418692], [38.73053953330914, 41.78193642688557, 55.23628862716084, 0.0, 36.29515226493751, 17.994408215708063, 19.308742628878086, 13.07990806767884, 16.898258692508897, 29.305402231553735, 43.50992021984461], [30.819508551294355, 20.598127333221726, 27.82770486857316, 36.29515226493751, 0.0, 24.54324289389681, 18.26576982109892, 25.692823177003262, 20.464762387947694, 44.27708035021578, 38.040339407735296], [21.350444951674106, 24.07701664401585, 37.729332925331086, 17.994408215708063, 24.54324289389681, 0.0, 16.364805500695233, 5.366528154089482, 6.7982149569678585, 21.48098093475006, 27.093286668027304], [34.53486594800741, 30.98506429953112, 42.56039182851386, 19.308742628878086, 18.26576982109892, 16.364805500695233, 0.0, 13.400463137128648, 9.571184275587331, 37.468498532885704, 41.33750370893223], [26.716881553339427, 28.70224520473963, 42.17901799196866, 13.07990806767884, 25.692823177003262, 5.366528154089482, 13.400463137128648, 0.0, 5.286394365901342, 24.274759126885588, 32.37617847774671], [26.282420363317875, 25.75954262737282, 38.79729474640381, 16.898258692508897, 20.464762387947694, 6.7982149569678585, 9.571184275587331, 5.286394365901342, 0.0, 28.108866275549506, 32.67366310519621], [22.756920465426504, 34.459666531622055, 46.77276798181198, 29.305402231553735, 44.27708035021578, 21.48098093475006, 37.468498532885704, 24.274759126885588, 28.108866275549506, 0.0, 22.422902198682163], [7.288697676076014, 19.637993109159485, 27.76172971418692, 43.50992021984461, 38.040339407735296, 27.093286668027304, 41.33750370893223, 32.37617847774671, 32.67366310519621, 22.422902198682163, 0.0]]