[[0.0, 0.013158873071383637, 0.30920583009490243, 1.9949378943194602, 1.7979429076235884, 1.993869609575444, 1.9961339543888657, 1.9977959722248766, 1.98162585871059, 0.31098644727833535, 0.006444666794641063], [0.013158873071383637, 0.0, 0.201383623655766, 1.9655968358438667, 1.8849005242570551, 1.9986679413573558, 1.997230234859447, 1.995395491330256, 1.9378552090656997, 0.4372397604393734, 0.0011911478478168203], [0.30920583009490243, 0.201383623655766, 0.0, 1.6146366095095952, 1.9870213126892127, 1.7664988732337688, 1.7516416335357547, 1.737250873918997, 1.540131769767461, 1.0480638843936168, 0.23170123328159375], [1.9949378943194602, 1.9655968358438667, 1.6146366095095952, 0.0, 0.2666660454561143, 0.0222716854439724, 0.017736505690038595, 0.01392326510115005, 0.0041678255061987635, 1.758356914566778, 1.9771353016258086], [1.7979429076235884, 1.8849005242570551, 1.9870213126892127, 0.2666660454561143, 0.0, 0.14031148626217427, 0.1521935169553047, 0.16382046804499117, 0.33172960139228724, 1.1129636384611674, 1.8611190977262457], [1.993869609575444, 1.9986679413573558, 1.7664988732337688, 0.0222716854439724, 0.14031148626217427, 1.1102230246251565e-16, 0.000260465116319053, 0.0009846157737456451, 0.045488215709325264, 1.6046624719791795, 1.9999960597991042], [1.9961339543888657, 1.997230234859447, 1.7516416335357547, 0.017736505690038595, 0.1521935169553047, 0.000260465116319053, 0.0, 0.00023230594236456348, 0.03893180189657364, 1.6226826130954473, 1.999671528581545], [1.9977959722248766, 1.995395491330256, 1.737250873918997, 0.01392326510115005, 0.16382046804499117, 0.0009846157737456451, 0.00023230594236456348, 0.0, 0.03319955955997378, 1.6394031073458375, 1.9988869060828167], [1.98162585871059, 1.9378552090656997, 1.540131769767461, 0.0041678255061987635, 0.33172960139228724, 0.045488215709325264, 0.03893180189657364, 0.03319955955997378, 1.1102230246251565e-16, 1.8146469843037694, 1.953670990765976], [0.31098644727833535, 0.4372397604393734, 1.0480638843936168, 1.758356914566778, 1.1129636384611674, 1.6046624719791795, 1.6226826130954473, 1.6394031073458375, 1.8146469843037694, 0.0, 0.39757579633364115], [0.006444666794641063, 0.0011911478478168203, 0.23170123328159375, 1.9771353016258086, 1.8611190977262457, 1.9999960597991042, 1.999671528581545, 1.9988869060828167, 1.953670990765976, 0.39757579633364115, 0.0]]