[[0.0, 6.101653187957208, 14.63710014783096, 35.22808925366334, 30.12666680404846, 23.548934686255354, 34.950010168225546, 27.336678093149125, 29.887509926992898, 12.594735812949786, 3.4285854507645013], [6.101653187957208, 0.0, 12.684651991109694, 29.356348682849113, 25.343793686780483, 17.897303785911905, 29.28926525071346, 21.650641384641936, 23.969023482238182, 12.37192569278244, 8.438102458306263], [14.63710014783096, 12.684651991109694, 0.0, 34.19428113329189, 34.434583641626574, 25.16968981563089, 35.344421471236394, 28.28193961446574, 28.959517664469722, 25.0207141291457, 13.405900727183663], [35.22808925366334, 29.356348682849113, 34.19428113329189, 0.0, 12.541405653369274, 11.924079384533544, 3.4379792180305704, 8.250506272119637, 5.436372466720754, 30.802853374424714, 37.786538114018825], [30.12666680404846, 25.343793686780483, 34.434583641626574, 12.541405653369274, 0.0, 9.73030242660717, 9.581163921400993, 8.371715210429187, 11.479030036798202, 21.868905091704637, 33.30314614204665], [23.548934686255354, 17.897303785911905, 25.16968981563089, 11.924079384533544, 9.73030242660717, 0.0, 11.408346075958516, 3.790700402716666, 7.031762932064652, 19.24186284945081, 26.309620099903835], [34.950010168225546, 29.28926525071346, 35.344421471236394, 3.4379792180305704, 9.581163921400993, 11.408346075958516, 0.0, 7.638627007373037, 6.556722768343056, 29.34326469790759, 37.71215835127406], [27.336678093149125, 21.650641384641936, 28.28193961446574, 8.250506272119637, 8.371715210429187, 3.790700402716666, 7.638627007373037, 0.0, 4.023602965806772, 22.60871542906041, 30.07475998419748], [29.887509926992898, 23.969023482238182, 28.959517664469722, 5.436372466720754, 11.479030036798202, 7.031762932064652, 6.556722768343056, 4.023602965806772, 0.0, 26.265883321580425, 32.388815298706874], [12.594735812949786, 12.37192569278244, 25.0207141291457, 30.802853374424714, 21.868905091704637, 19.24186284945081, 29.34326469790759, 22.60871542906041, 26.265883321580425, 0.0, 15.919810849822719], [3.4285854507645013, 8.438102458306263, 13.405900727183663, 37.786538114018825, 33.30314614204665, 26.309620099903835, 37.71215835127406, 30.07475998419748, 32.388815298706874, 15.919810849822719, 0.0]]