[[0.0, 0.2454718786276222, 0.7721667590088511, 1.7628034924266358, 1.6899943325884017, 1.8485299145522776, 1.9395077858818575, 1.8071473947240038, 1.999963566005051, 0.3353711865886586, 5.565462621370809e-05], [0.2454718786276222, 1.1102230246251565e-16, 0.18908542907766068, 1.9999193198795606, 1.0456038622894284, 1.9875020457504375, 1.933674815191877, 1.996443031250509, 1.748898600272122, 0.9888648480477744, 0.2524376096831582], [0.7721667590088511, 0.18908542907766068, 0.0, 1.8034160882624088, 0.45242508315814445, 1.708554244138363, 1.5475702330836698, 1.7587188677902108, 1.2195132434908247, 1.576098621072279, 0.7824521444047804], [1.7628034924266358, 1.9999193198795606, 1.8034160882624088, 0.0, 0.9417105238219569, 0.010575632067027163, 0.06185146640913075, 0.0025669325821504607, 0.242744063876277, 1.0238359749103274, 1.7559389764982871], [1.6899943325884017, 1.0456038622894284, 0.45242508315814445, 0.9417105238219569, 0.0, 0.7975238804705921, 0.5996714497073979, 0.8703768973362012, 0.30385218105768175, 1.999405475370942, 1.6975923024130475], [1.8485299145522776, 1.9875020457504375, 1.708554244138363, 0.010575632067027163, 0.7975238804705921, 0.0, 0.02155197367821593, 0.0027291327969963808, 0.1560179074375141, 1.1685923993880114, 1.8429000930762625], [1.9395077858818575, 1.933674815191877, 1.5475702330836698, 0.06185146640913075, 0.5996714497073979, 0.02155197367821593, 0.0, 0.03946761249575437, 0.06345032682185248, 1.3684963699280281, 1.9358417729763158], [1.8071473947240038, 1.996443031250509, 1.7587188677902108, 0.0025669325821504607, 0.8703768973362012, 0.0027291327969963808, 0.03946761249575437, 0.0, 0.19792135660685795, 1.0953594453317967, 1.8008741788277711], [1.999963566005051, 1.748898600272122, 1.2195132434908247, 0.242744063876277, 0.30385218105768175, 0.1560179074375141, 0.06345032682185248, 0.19792135660685795, 0.0, 1.6709826203804707, 1.999997971765557], [0.3353711865886586, 0.9888648480477744, 1.576098621072279, 1.0238359749103274, 1.999405475370942, 1.1685923993880114, 1.3684963699280281, 1.0953594453317967, 1.6709826203804707, 0.0, 0.32752536427874446], [5.565462621370809e-05, 0.2524376096831582, 0.7824521444047804, 1.7559389764982871, 1.6975923024130475, 1.8429000930762625, 1.9358417729763158, 1.8008741788277711, 1.999997971765557, 0.32752536427874446, 0.0]]