[[0.0, 13.832396469085209, 28.85237914815968, 40.727361179068744, 39.25719406711773, 27.3660745181957, 37.0725214150174, 32.07569522987995, 34.46843096587979, 17.771373909906313, 3.7281660070115517], [13.832396469085209, 0.0, 15.043766281248134, 41.35636611684896, 29.52149757420068, 26.140663135942866, 35.03053450935034, 31.612086644077383, 30.39181452328969, 29.074703641913764, 16.13500559539443], [28.85237914815968, 15.043766281248134, 0.0, 45.84048231570947, 22.824469999610884, 31.354715500512626, 37.627184717881285, 36.402962861293325, 31.572624237434724, 42.67959913507143, 31.127009332204203], [40.727361179068744, 41.35636611684896, 45.84048231570947, 0.0, 30.8443791689463, 15.270167174218782, 9.002015887747948, 9.796345972558976, 15.272546733980459, 32.487064452965356, 44.12998618583699], [39.25719406711773, 29.52149757420068, 22.824469999610884, 30.8443791689463, 0.0, 21.909371663731598, 21.885195385996884, 24.21265276861708, 15.962760445935505, 44.726367521674455, 42.77650939512786], [27.3660745181957, 26.140663135942866, 31.354715500512626, 15.270167174218782, 21.909371663731598, 0.0, 9.711447576882009, 5.481049143184996, 8.498394683181377, 25.052919672833017, 31.016887411865703], [37.0725214150174, 35.03053450935034, 37.627184717881285, 9.002015887747948, 21.885195385996884, 9.711447576882009, 0.0, 5.790672675022268, 6.339909324968226, 32.963694660810475, 40.71352607470181], [32.07569522987995, 31.612086644077383, 36.402962861293325, 9.796345972558976, 24.21265276861708, 5.481049143184996, 5.790672675022268, 0.0, 8.526989215612106, 27.173438381456787, 35.642141104738705], [34.46843096587979, 30.39181452328969, 31.572624237434724, 15.272546733980459, 15.962760445935505, 8.498394683181377, 6.339909324968226, 8.526989215612106, 0.0, 33.54940059842853, 38.18941832132096], [17.771373909906313, 29.074703641913764, 42.67959913507143, 32.487064452965356, 44.726367521674455, 25.052919672833017, 32.963694660810475, 27.173438381456787, 33.54940059842853, 0.0, 19.034868544952726], [3.7281660070115517, 16.13500559539443, 31.127009332204203, 44.12998618583699, 42.77650939512786, 31.016887411865703, 40.71352607470181, 35.642141104738705, 38.18941832132096, 19.034868544952726, 0.0]]