[[0.0, 2.7957072601188058, 5.622769488594051, 7.33978647023068, 6.362250882889424, 4.847343799530439, 7.888084164446204, 5.706010155114959, 6.211313265425664, 4.023950698969013, 3.1914252726982504], [2.7957072601188058, 0.0, 5.037136702332893, 6.754834487368268, 5.311625058158045, 4.572605366026554, 7.106462207822147, 5.153486523151374, 5.825114311704003, 4.146275825167267, 5.0204287836657455], [5.622769488594051, 5.037136702332893, 0.0, 7.237773806761619, 5.437617967589901, 5.940037307147821, 7.56894955007337, 6.344500226087124, 6.376837009429111, 6.880966120868993, 7.442657806095981], [7.33978647023068, 6.754834487368268, 7.237773806761619, 0.0, 5.874252149272593, 5.122906488717853, 4.063803586442335, 4.706022029731732, 5.352398567520689, 7.374923992435839, 9.24658932090139], [6.362250882889424, 5.311625058158045, 5.437617967589901, 5.874252149272593, 0.0, 4.137371184806825, 5.057873580204221, 4.153523125436322, 4.419101047299929, 6.594944609150452, 8.623092874116411], [4.847343799530439, 4.572605366026554, 5.940037307147821, 5.122906488717853, 4.137371184806825, 0.0, 4.679717868663631, 2.3360253909967117, 2.203771388095819, 5.334068423164404, 6.812907273869822], [7.888084164446204, 7.106462207822147, 7.56894955007337, 4.063803586442335, 5.057873580204221, 4.679717868663631, 0.0, 3.571545524741666, 4.664121864608095, 7.313420272425509, 9.918415171513326], [5.706010155114959, 5.153486523151374, 6.344500226087124, 4.706022029731732, 4.153523125436322, 2.3360253909967117, 3.571545524741666, 0.0, 2.8384085739102902, 5.3249783632994925, 7.70016252753325], [6.211313265425664, 5.825114311704003, 6.376837009429111, 5.352398567520689, 4.419101047299929, 2.203771388095819, 4.664121864608095, 2.8384085739102902, 0.0, 6.658229835979574, 8.111053786447211], [4.023950698969013, 4.146275825167267, 6.880966120868993, 7.374923992435839, 6.594944609150452, 5.334068423164404, 7.313420272425509, 5.3249783632994925, 6.658229835979574, 0.0, 5.274546901229163], [3.1914252726982504, 5.0204287836657455, 7.442657806095981, 9.24658932090139, 8.623092874116411, 6.812907273869822, 9.918415171513326, 7.70016252753325, 8.111053786447211, 5.274546901229163, 0.0]]