[[2.220446049250313e-16, 0.2897094842741049, 0.4280655846042145, 0.6019517976002512, 1.0113152408866783, 1.8251445660043188, 1.8039261990160198, 1.9077321982542956, 1.8652098057109416, 1.418128488208039, 0.014230061321562237], [0.2897094842741049, 0.0, 0.01634460318806341, 1.36301094203918, 0.3041735251219294, 1.9837455777747453, 1.9896560893790762, 1.9400784891646523, 1.2616034816267447, 1.9364147934483307, 0.41814404310613096], [0.4280655846042145, 0.01634460318806341, 0.0, 1.5248560388236325, 0.18622474020987145, 1.9353334190981255, 1.9476489304045952, 1.8633199292089406, 1.0835369637996182, 1.9842920725688833, 0.5740966111452676], [0.6019517976002512, 1.36301094203918, 1.5248560388236325, 1.1102230246251565e-16, 1.921809783656173, 0.8102082640532486, 0.774418041696311, 0.9764408344156786, 1.8043709462070505, 0.33311248487978595, 0.4534070261218247], [1.0113152408866783, 0.3041735251219294, 0.18622474020987145, 1.921809783656173, 0.0, 1.5555487520118254, 1.5855943770715542, 1.4092519962376842, 0.48883203860177604, 1.903598515759093, 1.1792435161858752], [1.8251445660043188, 1.9837455777747453, 1.9353334190981255, 0.8102082640532486, 1.5555487520118254, 0.0, 0.0006693513594505651, 0.013976804225830253, 0.5693341858524721, 0.1418155821727437, 1.7184393524095634], [1.8039261990160198, 1.9896560893790762, 1.9476489304045952, 0.774418041696311, 1.5855943770715542, 0.0006693513594505651, 0.0, 0.020731684775404102, 0.6026382748347385, 0.12361086605180382, 1.6925122914248418], [1.9077321982542956, 1.9400784891646523, 1.8633199292089406, 0.9764408344156786, 1.4092519962376842, 0.013976804225830253, 0.020731684775404102, 0.0, 0.4249878004051293, 0.2393371088080939, 1.8242887251812472], [1.8652098057109416, 1.2616034816267447, 1.0835369637996182, 1.8043709462070505, 0.48883203860177604, 0.5693341858524721, 0.6026382748347385, 0.4249878004051293, 0.0, 1.0937059098923887, 1.9371848656325894], [1.418128488208039, 1.9364147934483307, 1.9842920725688833, 0.33311248487978595, 1.903598515759093, 0.1418155821727437, 0.12361086605180382, 0.2393371088080939, 1.0937059098923887, 0.0, 1.259478440442142], [0.014230061321562237, 0.41814404310613096, 0.5740966111452676, 0.4534070261218247, 1.1792435161858752, 1.7184393524095634, 1.6925122914248418, 1.8242887251812472, 1.9371848656325894, 1.259478440442142, 0.0]]