[[0.0, 6.1338723173261425, 21.300520013785867, 10.028549640001373, 29.973122479687042, 17.30309662358701, 22.547089096659786, 24.132627354636746, 16.535873592724588, 38.08517256439565, 17.08030211836883], [6.1338723173261425, 0.0, 18.280959696970232, 13.69034916795645, 24.308189861036972, 16.30420734785248, 21.857239333091613, 22.623303576992907, 12.253258309229597, 40.18963557710137, 22.244716892329564], [21.300520013785867, 18.280959696970232, 0.0, 31.14343536154177, 16.71487819321869, 34.04799850003388, 39.53789185330152, 39.68297172092608, 27.08888290459328, 58.45544904278558, 27.098242385594837], [10.028549640001373, 13.69034916795645, 31.14343536154177, 0.0, 37.61427547018777, 12.120831342645548, 15.87355314856468, 18.46165208412192, 17.152496890924787, 28.18235224493966, 21.832947164401446], [29.973122479687042, 24.308189861036972, 16.71487819321869, 37.61427547018777, 0.0, 34.76202267597607, 39.314268402432454, 38.06760268877769, 25.338296694514494, 60.74375182298606, 41.62081171582727], [17.30309662358701, 16.30420734785248, 34.04799850003388, 12.120831342645548, 34.76202267597607, 0.0, 5.554114055721706, 6.860951278304207, 9.608919043645566, 25.98685294477291, 33.0049006983417], [22.547089096659786, 21.857239333091613, 39.53789185330152, 15.87355314856468, 39.314268402432454, 5.554114055721706, 0.0, 3.31279986936264, 13.994536588391426, 21.739447674922566, 37.525118615546326], [24.132627354636746, 22.623303576992907, 39.68297172092608, 18.46165208412192, 38.06760268877769, 6.860951278304207, 3.31279986936264, 0.0, 13.11866892372781, 23.85588877670385, 39.78473639575744], [16.535873592724588, 12.253258309229597, 27.08888290459328, 17.152496890924787, 25.338296694514494, 9.608919043645566, 13.994536588391426, 13.11866892372781, 0.0, 35.464256806383105, 33.61603206774497], [38.08517256439565, 40.18963557710137, 58.45544904278558, 28.18235224493966, 60.74375182298606, 25.98685294477291, 21.739447674922566, 23.85588877670385, 35.464256806383105, 0.0, 47.231635886446234], [17.08030211836883, 22.244716892329564, 27.098242385594837, 21.832947164401446, 41.62081171582727, 33.0049006983417, 37.525118615546326, 39.78473639575744, 33.61603206774497, 47.231635886446234, 0.0]]