[[0.0, 0.007313340922675993, 0.0006006877372626285, 1.9252940229948612, 1.857436490473832, 1.7530644864037799, 1.9991757079227321, 1.999611683824008, 1.8591809645279525, 0.18280689119721483, 0.005800374464911329], [0.007313340922675993, 0.0, 0.0037260220030154168, 1.9643099665011041, 1.7890447431249417, 1.8269840653432337, 1.9869678607044539, 1.9956650821183932, 1.9146662480386396, 0.1192049349248756, 0.026054734437608307], [0.0006006877372626285, 0.0037260220030154168, 2.220446049250313e-16, 1.937881387278042, 1.8390879905550617, 1.7754137062912707, 1.9971686899365277, 1.9999769237729745, 1.8763971894257718, 0.1633234963943503, 0.010124810480637958], [1.9252940229948612, 1.9643099665011041, 1.937881387278042, 1.1102230246251565e-16, 0.4017775999983927, 0.053667285916119134, 0.09086413473128818, 0.06449730857039093, 0.01095316857106321, 1.9747302442625922, 1.8791383957566241], [1.857436490473832, 1.7890447431249417, 1.8390879905550617, 0.4017775999983927, 0.0, 0.692867699603074, 0.1223808272479725, 0.1572357263194185, 0.5266079993343937, 1.404100171113651, 1.9078074152270397], [1.7530644864037799, 1.8269840653432337, 1.7754137062912707, 0.053667285916119134, 0.692867699603074, 0.0, 0.27426520582133385, 0.2288939799940305, 0.016328523178258836, 1.9946158875708344, 1.6779339489668361], [1.9991757079227321, 1.9869678607044539, 1.9971686899365277, 0.09086413473128818, 0.1223808272479725, 0.27426520582133385, 0.0, 0.002343467911700592, 0.16229825893887428, 1.7931223579197058, 1.997746060832791], [1.999611683824008, 1.9956650821183932, 1.9999769237729745, 0.06449730857039093, 0.1572357263194185, 0.2288939799940305, 0.002343467911700592, 2.220446049250313e-16, 0.12689471929574736, 1.8329364028082686, 1.9908166227261326], [1.8591809645279525, 1.9146662480386396, 1.8763971894257718, 0.01095316857106321, 0.5266079993343937, 0.016328523178258836, 0.16229825893887428, 0.12689471929574736, 0.0, 1.9970259742068768, 1.7991668441450632], [0.18280689119721483, 0.1192049349248756, 0.1633234963943503, 1.9747302442625922, 1.404100171113651, 1.9946158875708344, 1.7931223579197058, 1.8329364028082686, 1.9970259742068768, 0.0, 0.24953513547325457], [0.005800374464911329, 0.026054734437608307, 0.010124810480637958, 1.8791383957566241, 1.9078074152270397, 1.6779339489668361, 1.997746060832791, 1.9908166227261326, 1.7991668441450632, 0.24953513547325457, 1.1102230246251565e-16]]