[[0.0, 7.30159930041297, 14.484916809912944, 38.8074603517204, 34.84013801366429, 26.518566354317837, 39.457480048403895, 33.27015143538484, 34.16800354749288, 12.222732077245777, 2.702053080811092], [7.30159930041297, 0.0, 7.519371458274961, 32.26080927530903, 27.538671240092206, 20.014180212090967, 32.357442541371235, 26.240391872072422, 27.7778933564501, 9.525215849143386, 9.294740699139261], [14.484916809912944, 7.519371458274961, 0.0, 24.772628825258746, 20.89888338016555, 12.58405281883751, 24.972720958877524, 18.793729274665964, 20.357142844600315, 14.195164777545532, 15.947500505552812], [38.8074603517204, 32.26080927530903, 24.772628825258746, 0.0, 15.480283395746259, 12.293510313673899, 7.92965631179517, 8.31526502093506, 4.815800667426171, 37.533654778183575, 39.6818210512594], [34.84013801366429, 27.538671240092206, 20.89888338016555, 15.480283395746259, 0.0, 14.649570173275515, 8.960697052897576, 8.199880202062804, 15.250881273885, 28.852648649577493, 36.65203302239522], [26.518566354317837, 20.014180212090967, 12.58405281883751, 12.293510313673899, 14.649570173275515, 0.0, 14.345459202927167, 8.29390442513524, 7.773532441034827, 26.029372730342168, 27.45685917916026], [39.457480048403895, 32.357442541371235, 24.972720958877524, 7.92965631179517, 8.960697052897576, 14.345459202927167, 0.0, 6.278657180982474, 10.190110410133249, 35.68598238086515, 40.819701210252056], [33.27015143538484, 26.240391872072422, 18.793729274665964, 8.31526502093506, 8.199880202062804, 8.29390442513524, 6.278657180982474, 0.0, 7.068247288953813, 30.214688868513978, 34.57700520096359], [34.16800354749288, 27.7778933564501, 20.357142844600315, 4.815800667426171, 15.250881273885, 7.773532441034827, 10.190110410133249, 7.068247288953813, 0.0, 33.59206582595092, 34.9636128961162], [12.222732077245777, 9.525215849143386, 14.195164777545532, 37.533654778183575, 28.852648649577493, 26.029372730342168, 35.68598238086515, 30.214688868513978, 33.59206582595092, 0.0, 14.923524699550226], [2.702053080811092, 9.294740699139261, 15.947500505552812, 39.6818210512594, 36.65203302239522, 27.45685917916026, 40.819701210252056, 34.57700520096359, 34.9636128961162, 14.923524699550226, 0.0]]