[[0.0, 0.5722926296640121, 0.32384232479972386, 1.4162539848432623, 1.9934926553818537, 0.4886596977729988, 1.2615349196615684, 1.3371451211414223, 0.48616560366980643, 1.9130114077404334, 0.07309560219542444], [0.5722926296640121, 2.220446049250313e-16, 0.0448350614928652, 0.35614959497099996, 1.5278768689661486, 1.5581028758846238, 1.9843159377355364, 1.9951947851050256, 1.5556902688016658, 1.7592403133690846, 0.26431824245706426], [0.32384232479972386, 0.0448350614928652, 0.0, 0.6115582651475026, 1.7556714985516142, 1.2874062762996954, 1.887952238264315, 1.9215850704225939, 1.2846228998756888, 1.917887898062473, 0.09676341372022201], [1.4162539848432623, 0.35614959497099996, 0.6115582651475026, 0.0, 0.6900146561636716, 1.994235784537624, 1.768736143560126, 1.7156763348263877, 1.99392015884899, 0.9908687161494145, 1.0445889756651576], [1.9934926553818537, 1.5278768689661486, 1.7556714985516142, 0.6900146561636716, 1.1102230246251565e-16, 1.4101329122924509, 0.6302350505138767, 0.5578209172684225, 1.4127803593172217, 0.046467737954076105, 1.963617673087255], [0.4886596977729988, 1.5581028758846238, 1.2874062762996954, 1.994235784537624, 1.4101329122924509, 1.1102230246251565e-16, 0.30426653501179557, 0.3633318580051629, 4.218700953462218e-06, 1.116289871853189, 0.8485589870761017], [1.2615349196615684, 1.9843159377355364, 1.887952238264315, 1.768736143560126, 0.6302350505138767, 0.30426653501179557, 0.0, 0.0031402765332669835, 0.3063559288399198, 0.3674801548596228, 1.6046527985396046], [1.3371451211414223, 1.9951947851050256, 1.9215850704225939, 1.7156763348263877, 0.5578209172684225, 0.3633318580051629, 0.0031402765332669835, 0.0, 0.36557448174817864, 0.3081320725293476, 1.6658261662484353], [0.48616560366980643, 1.5556902688016658, 1.2846228998756888, 1.99392015884899, 1.4127803593172217, 4.218700953462218e-06, 0.3063559288399198, 0.36557448174817864, 1.1102230246251565e-16, 1.1191743912338377, 0.8456884105501058], [1.9130114077404334, 1.7592403133690846, 1.917887898062473, 0.9908687161494145, 0.046467737954076105, 1.116289871853189, 0.3674801548596228, 0.3081320725293476, 1.1191743912338377, 1.1102230246251565e-16, 1.9993709220440747], [0.07309560219542444, 0.26431824245706426, 0.09676341372022201, 1.0445889756651576, 1.963617673087255, 0.8485589870761017, 1.6046527985396046, 1.6658261662484353, 0.8456884105501058, 1.9993709220440747, 0.0]]