[[0.0, 0.0298862145932125, 1.9821116898846385, 1.9689634457623724, 1.9072940521427006, 0.02640955845139603, 1.9936704027345558, 0.0012736362596587059, 0.21679960835092804, 1.9901302608267835, 0.006971181528659276], [0.0298862145932125, 0.0, 1.9070691769000003, 1.9999889707604959, 1.9822121911740467, 0.00010898739854736661, 1.9912314715019979, 0.04336457916407799, 0.08933388329857073, 1.9945465148320174, 0.00804740339988308], [1.9821116898846385, 1.9070691769000003, 1.1102230246251565e-16, 0.09491802327548815, 0.1881151482813641, 1.9131855079791649, 0.04525726609132663, 1.9903613725836213, 1.6521115198238208, 0.05397167367355493, 1.9530700293365735], [1.9689634457623724, 1.9999889707604959, 0.09491802327548815, 1.1102230246251565e-16, 0.01691673469168442, 1.9998106455132685, 0.009400059663605576, 1.9552567973912671, 1.9125964540963702, 0.005954284661812803, 1.9913470163226894], [1.9072940521427006, 1.9822121911740467, 0.1881151482813641, 0.01691673469168442, 2.220446049250313e-16, 1.9793329229765475, 0.05121229347435119, 1.8849225629326294, 1.972045045103111, 0.04272802014500643, 1.9505338554236287], [0.02640955845139603, 0.00010898739854736661, 1.9131855079791649, 1.9998106455132685, 1.9793329229765475, 2.220446049250313e-16, 1.9930742523101266, 0.039168391076889186, 0.0955326004331235, 1.9959778726718365, 0.006286301161557928], [1.9936704027345558, 1.9912314715019979, 0.04525726609132663, 0.009400059663605576, 0.05121229347435119, 1.9930742523101266, 0.0, 1.9867370335516108, 1.8480894510155224, 0.00039311045182399695, 1.9999844654734287], [0.0012736362596587059, 0.04336457916407799, 1.9903613725836213, 1.9552567973912671, 1.8849225629326294, 0.039168391076889186, 1.9867370335516108, 0.0, 0.249168145123276, 1.9817979975240134, 0.014183095481766217], [0.21679960835092804, 0.08933388329857073, 1.6521115198238208, 1.9125964540963702, 1.972045045103111, 0.0955326004331235, 1.8480894510155224, 0.249168145123276, 0.0, 1.862611482749132, 0.14897035416998872], [1.9901302608267835, 1.9945465148320174, 0.05397167367355493, 0.005954284661812803, 0.04272802014500643, 1.9959778726718365, 0.00039311045182399695, 1.9817979975240134, 1.862611482749132, 0.0, 1.9997476370000418], [0.006971181528659276, 0.00804740339988308, 1.9530700293365735, 1.9913470163226894, 1.9505338554236287, 0.006286301161557928, 1.9999844654734287, 0.014183095481766217, 0.14897035416998872, 1.9997476370000418, 2.220446049250313e-16]]