[[0.0, 2.3263526679848394, 9.494364408463351, 11.537087374591232, 9.91490671288216, 2.448493576474803, 10.345967203665534, 2.1346710479275823, 4.628560992055245, 12.182626960049845, 1.8727258278516064], [2.3263526679848394, 0.0, 7.186419422932358, 9.4089516090868, 7.9074429957318735, 4.3479581783000345, 8.136322204836999, 4.458795116359565, 5.338586008633952, 9.98904553195294, 4.011612154577563], [9.494364408463351, 7.186419422932358, 0.0, 3.425978022187976, 3.4772189097035584, 11.418308769649537, 1.8982621748884374, 11.627179605137545, 11.308896447150204, 3.4185375575622707, 11.178452803010707], [11.537087374591232, 9.4089516090868, 3.425978022187976, 0.0, 1.908868447482236, 13.755952829496863, 1.5595069044910188, 13.585785211734281, 14.178104103034658, 1.0223359594868722, 13.36712189286582], [9.91490671288216, 7.9074429957318735, 3.4772189097035584, 1.908868447482236, 0.0, 12.218557913965004, 1.932602071954735, 11.90746379770647, 12.933318171382593, 2.8751190833959077, 11.772988090901642], [2.448493576474803, 4.3479581783000345, 11.418308769649537, 13.755952829496863, 12.218557913965004, 0.0, 12.475728811720007, 1.785522842314266, 3.041619882332588, 14.331277114490977, 0.7836903807321165], [10.345967203665534, 8.136322204836999, 1.8982621748884374, 1.5595069044910188, 1.932602071954735, 12.475728811720007, 0.0, 12.438863904043519, 12.729514983501469, 1.858473871368973, 12.136567738571484], [2.1346710479275823, 4.458795116359565, 11.627179605137545, 13.585785211734281, 11.90746379770647, 1.785522842314266, 12.438863904043519, 0.0, 4.817650003349765, 14.263910097223002, 1.0987466134766246], [4.628560992055245, 5.338586008633952, 11.308896447150204, 14.178104103034658, 12.933318171382593, 3.041619882332588, 12.729514983501469, 4.817650003349765, 0.0, 14.56148687286569, 3.744017991082902], [12.182626960049845, 9.98904553195294, 3.4185375575622707, 1.0223359594868722, 2.8751190833959077, 14.331277114490977, 1.858473871368973, 14.263910097223002, 14.56148687286569, 0.0, 13.983910374499594], [1.8727258278516064, 4.011612154577563, 11.178452803010707, 13.36712189286582, 11.772988090901642, 0.7836903807321165, 12.136567738571484, 1.0987466134766246, 3.744017991082902, 13.983910374499594, 0.0]]