[[0.0, 1.338450803031348, 1.914125920230826, 1.0480415110245103, 1.7769116115319994, 0.23732481046161003, 0.25134536934659935, 1.6260151040132125, 0.6653958851658492, 0.8592743159040418, 0.12410491234137733], [1.338450803031348, 0.0, 1.0721168949795294, 1.923637883348776, 0.1446009516010769, 1.86673930961184, 1.877217772354348, 1.5219143639495312, 1.999991656594214, 0.11600871735067386, 0.8424210663620347], [1.914125920230826, 1.0721168949795294, 1.1102230246251565e-16, 0.5511217527656423, 0.545067856509226, 1.4349562057601373, 1.415580384800263, 0.11158431591459539, 0.9238094022679896, 1.5300367970399376, 1.9962992159807067], [1.0480415110245103, 1.923637883348776, 0.5511217527656423, 0.0, 1.5915586861120445, 0.3906051909054091, 0.3737717803535797, 0.19101477305452808, 0.0748042027417799, 1.9956661309424866, 1.5240237996699662], [1.7769116115319994, 0.1446009516010769, 0.545067856509226, 1.5915586861120445, 0.0, 1.9997512231533265, 1.99904464245664, 1.0046181072120433, 1.8532760364179341, 0.4859872204261281, 1.3767053856800704], [0.23732481046161003, 1.86673930961184, 1.4349562057601373, 0.3906051909054091, 1.9997512231533265, 0.0, 0.00022916032941633357, 0.9730787552291394, 0.13530533291963964, 1.5330173362817061, 0.6440497495041826], [0.25134536934659935, 1.877217772354348, 1.415580384800263, 0.3737717803535797, 1.99904464245664, 0.00022916032941633357, 0.0, 0.9516854849623959, 0.12475069683577922, 1.5510079129053032, 0.6641364511301369], [1.6260151040132125, 1.5219143639495312, 0.11158431591459539, 0.19101477305452808, 1.0046181072120433, 0.9730787552291394, 0.9516854849623959, 0.0, 0.47460554465455806, 1.8601471454538063, 1.9245835778976124], [0.6653958851658492, 1.999991656594214, 0.9238094022679896, 0.0748042027417799, 1.8532760364179341, 0.13530533291963964, 0.12475069683577922, 0.47460554465455806, 0.0, 1.8858936308261978, 1.1616115241301503], [0.8592743159040418, 0.11600871735067386, 1.5300367970399376, 1.9956661309424866, 0.4859872204261281, 1.5330173362817061, 1.5510079129053032, 1.8601471454538063, 1.8858936308261978, 1.1102230246251565e-16, 0.3990390170226801], [0.12410491234137733, 0.8424210663620347, 1.9962992159807067, 1.5240237996699662, 1.3767053856800704, 0.6440497495041826, 0.6641364511301369, 1.9245835778976124, 1.1616115241301503, 0.3990390170226801, 0.0]]