[[0.0, 4.335805948827757, 13.117486980063717, 13.283382411221988, 22.49000277610253, 9.456868980710633, 2.533677156023254, 23.650416868438537, 4.518880837688826, 19.5447298077495, 18.418715565556848], [4.335805948827757, 0.0, 10.088689111783713, 14.167410444395781, 18.284124415215317, 13.292213767595362, 5.127913469606037, 22.195139959608213, 5.890530275529775, 18.300758849654922, 21.21286600372517], [13.117486980063717, 10.088689111783713, 0.0, 12.042685025275647, 17.53112675634493, 18.40476271720638, 11.82189750437221, 13.346123962796263, 10.418849763691858, 26.300835304172004, 31.22257934950409], [13.283382411221988, 14.167410444395781, 12.042685025275647, 0.0, 28.99355644203091, 10.850186490960036, 10.749708965165263, 13.333634331096416, 8.854952411577864, 32.34032310243133, 30.033429731927203], [22.49000277610253, 18.284124415215317, 17.53112675634493, 28.99355644203091, 0.0, 31.511491304874813, 23.293731431316854, 29.053104054948317, 23.399900856056856, 19.41623880122222, 34.08798224002978], [9.456868980710633, 13.292213767595362, 18.40476271720638, 10.850186490960036, 31.511491304874813, 0.0, 8.21786968729214, 24.09500601693036, 8.445774108864342, 27.90929714579576, 20.449320504329133], [2.533677156023254, 5.127913469606037, 11.82189750437221, 10.749708965165263, 23.293731431316854, 8.21786968729214, 0.0, 21.43391374618163, 2.0617388682176903, 21.941857969350103, 20.475965212841484], [23.650416868438537, 22.195139959608213, 13.346123962796263, 13.333634331096416, 29.053104054948317, 24.09500601693036, 21.43391374618163, 0.0, 19.403575460460186, 39.56895496704471, 41.895425698171174], [4.518880837688826, 5.890530275529775, 10.418849763691858, 8.854952411577864, 23.399900856056856, 8.445774108864342, 2.0617388682176903, 19.403575460460186, 0.0, 23.58301944010092, 22.493033623652533], [19.5447298077495, 18.300758849654922, 26.300835304172004, 32.34032310243133, 19.41623880122222, 27.90929714579576, 21.941857969350103, 39.56895496704471, 23.58301944010092, 0.0, 18.43605349013951], [18.418715565556848, 21.21286600372517, 31.22257934950409, 30.033429731927203, 34.08798224002978, 20.449320504329133, 20.475965212841484, 41.895425698171174, 22.493033623652533, 18.43605349013951, 0.0]]