[[0.0, 0.0817335969375994, 1.9854847131206625, 1.9991744249347154, 1.9993313449938368, 0.006493026708290661, 1.9999039773611123, 0.10198429535006748, 0.0013928088710095654, 1.9439315820242062, 0.001422630339753872], [0.0817335969375994, 0.0, 1.8377171400372028, 1.9014219226239102, 1.9321300539866724, 0.13274514154206196, 1.9126910872369376, 0.34959164138378407, 0.06212132495119305, 1.997504380671, 0.061926399557794776], [1.9854847131206625, 1.8377171400372028, 0.0, 0.008432045438735658, 0.021381347329946787, 1.998400216192611, 0.012257373231443935, 1.9596707794707129, 1.9751552657134468, 0.12581599790700493, 1.9750305647489754], [1.9991744249347154, 1.9014219226239102, 0.008432045438735658, 1.1102230246251565e-16, 0.0029790905151182434, 1.9973088242714225, 0.00035853577114985935, 1.9151482604290777, 1.995639317140422, 0.07026000458099024, 1.9955867112635501], [1.9993313449938368, 1.9321300539866724, 0.021381347329946787, 0.0029790905151182434, 0.0, 1.9886828267270138, 0.0012712946831091587, 1.881328800296434, 1.999868559354113, 0.04462858737257258, 1.9998592858232471], [0.006493026708290661, 0.13274514154206196, 1.998400216192611, 1.9973088242714225, 1.9886828267270138, 0.0, 1.9949881826345806, 0.057759955612992187, 0.013879427352090246, 1.9002420443391626, 0.013972930882243495], [1.9999039773611123, 1.9126910872369376, 0.012257373231443935, 0.00035853577114985935, 0.0012712946831091587, 1.9949881826345806, 1.1102230246251565e-16, 1.9040263589380317, 1.9977801616738313, 0.06073405605123816, 1.9977425628009051], [0.10198429535006748, 0.34959164138378407, 1.9596707794707129, 1.9151482604290777, 1.881328800296434, 0.057759955612992187, 1.9040263589380317, 0.0, 0.12644777973298094, 1.70241536858907, 0.12672157281824314], [0.0013928088710095654, 0.06212132495119305, 1.9751552657134468, 1.995639317140422, 1.999868559354113, 0.013879427352090246, 1.9977801616738313, 0.12644777973298094, 1.1102230246251565e-16, 1.9600353004076538, 1.5805195152651663e-07], [1.9439315820242062, 1.997504380671, 0.12581599790700493, 0.07026000458099024, 0.04462858737257258, 1.9002420443391626, 0.06073405605123816, 1.70241536858907, 1.9600353004076538, 1.1102230246251565e-16, 1.9601925053344083], [0.001422630339753872, 0.061926399557794776, 1.9750305647489754, 1.9955867112635501, 1.9998592858232471, 0.013972930882243495, 1.9977425628009051, 0.12672157281824314, 1.5805195152651663e-07, 1.9601925053344083, 0.0]]