[[0.0, 10.41413637704491, 18.607817628230876, 15.875786630649015, 33.766821579101226, 10.023487517553669, 29.80938639606073, 23.62665219111976, 20.0163115677046, 28.56584959577324, 16.771953153941762], [10.41413637704491, 0.0, 8.679084625084865, 15.038825480113957, 23.85824540990991, 15.159166169393096, 30.22515981819211, 27.858120115701574, 18.490865294000862, 38.279438265724146, 20.113836938178128], [18.607817628230876, 8.679084625084865, 0.0, 21.76577158953257, 19.091239517067617, 23.645999511705813, 36.24385565067574, 35.65281969011136, 24.372523137059968, 46.89157676485638, 22.9332411715639], [15.875786630649015, 15.038825480113957, 21.76577158953257, 0.0, 26.803195375642236, 8.722356297591311, 15.228696244208837, 14.480048963124656, 4.141763988750948, 32.52091958951855, 32.07318675658246], [33.766821579101226, 23.85824540990991, 19.091239517067617, 26.803195375642236, 0.0, 33.6464290372457, 35.38337905695582, 40.48785274925987, 26.405925430968203, 58.67449516981849, 41.954875303026085], [10.023487517553669, 15.159166169393096, 23.645999511705813, 8.722356297591311, 33.6464290372457, 0.0, 20.196862507499507, 13.736245283603743, 12.307388339211254, 25.03954977175154, 26.73170142632709], [29.80938639606073, 30.22515981819211, 36.24385565067574, 15.228696244208837, 35.38337905695582, 20.196862507499507, 0.0, 11.316464393175544, 11.901445922426761, 34.77831588861614, 46.53546572184421], [23.62665219111976, 27.858120115701574, 35.65281969011136, 14.480048963124656, 40.48785274925987, 13.736245283603743, 11.316464393175544, 0.0, 14.086790616196893, 23.516027736578184, 40.050560503446775], [20.0163115677046, 18.490865294000862, 24.372523137059968, 4.141763988750948, 26.405925430968203, 12.307388339211254, 11.901445922426761, 14.086790616196893, 0.0, 34.5977171797862, 36.16466808351055], [28.56584959577324, 38.279438265724146, 46.89157676485638, 32.52091958951855, 58.67449516981849, 25.03954977175154, 34.77831588861614, 23.516027736578184, 34.5977171797862, 0.0, 38.201057514106324], [16.771953153941762, 20.113836938178128, 22.9332411715639, 32.07318675658246, 41.954875303026085, 26.73170142632709, 46.53546572184421, 40.050560503446775, 36.16466808351055, 38.201057514106324, 0.0]]