[[1.1102230246251565e-16, 5.24597448560149e-05, 0.14127785897822576, 1.9734420791027216, 1.7193131484508566, 1.9651205991345995, 1.9837079585448734, 1.9901890187049958, 1.9434606304973847, 0.3249521682127343, 0.007681818821659192], [5.24597448560149e-05, 1.1102230246251565e-16, 0.14657178772711754, 1.9757359519467186, 1.712159823471664, 1.9677516154906458, 1.9818149497820827, 1.9887057897760076, 1.946806496130957, 0.31743064555585654, 0.009001042328614317], [0.14127785897822576, 0.14657178772711754, 1.1102230246251565e-16, 1.7186012738395156, 1.9736760421550148, 1.6946103187762265, 1.9368554061281267, 1.9219029474277887, 1.6403040700430336, 0.7983874737465255, 0.08447931034073797], [1.9734420791027216, 1.9757359519467186, 1.7186012738395156, 0.0, 0.458827159674561, 0.0005749166349421353, 0.0835735346366675, 0.0680982232473234, 0.005707813927514849, 1.8260210947070052, 1.9376424893210205], [1.7193131484508566, 1.712159823471664, 1.9736760421550148, 0.458827159674561, 1.1102230246251565e-16, 0.4876488154641073, 0.16751953085726312, 0.19067248076903398, 0.5516340623446487, 0.973049559377755, 1.7997284168330676], [1.9651205991345995, 1.9677516154906458, 1.6946103187762265, 0.0005749166349421353, 0.4876488154641073, 0.0, 0.09766901691963203, 0.0809314490336378, 0.002662150924282347, 1.844656003894496, 1.9253182431922815], [1.9837079585448734, 1.9818149497820827, 1.9368554061281267, 0.0835735346366675, 0.16751953085726312, 0.09766901691963203, 0.0, 0.0008225818635294591, 0.13150254557052865, 1.531417427152732, 1.9983914569885717], [1.9901890187049958, 1.9887057897760076, 1.9219029474277887, 0.0680982232473234, 0.19067248076903398, 0.0809314490336378, 0.0008225818635294591, 0.0, 0.11211545107581089, 1.565332535283701, 1.9998693723646732], [1.9434606304973847, 1.946806496130957, 1.6403040700430336, 0.005707813927514849, 0.5516340623446487, 0.002662150924282347, 0.13150254557052865, 0.11211545107581089, 0.0, 1.8814417594931627, 1.8952045566735327], [0.3249521682127343, 0.31743064555585654, 0.7983874737465255, 1.8260210947070052, 0.973049559377755, 1.844656003894496, 1.531417427152732, 1.565332535283701, 1.8814417594931627, 1.1102230246251565e-16, 0.4214091618771074], [0.007681818821659192, 0.009001042328614317, 0.08447931034073797, 1.9376424893210205, 1.7997284168330676, 1.9253182431922815, 1.9983914569885717, 1.9998693723646732, 1.8952045566735327, 0.4214091618771074, 0.0]]