[[0.0, 4.906759645285986, 11.617641320773075, 34.77391143901928, 29.393083810635037, 23.829470255519443, 34.50799620681563, 27.571242434693154, 29.689992498479604, 12.801349647079173, 2.670713777402504], [4.906759645285986, 0.0, 13.798296380998192, 29.93044482055461, 24.86065756670999, 18.961572524355795, 29.617262621079778, 22.668475023542, 24.880529064636267, 11.591854708087192, 6.84842739322396], [11.617641320773075, 13.798296380998192, 0.0, 38.059275481590824, 37.49508693055951, 28.185983090006822, 40.04102382366078, 33.07098262304387, 32.90442570512445, 24.339035370869876, 9.170568528689438], [34.77391143901928, 29.93044482055461, 38.059275481590824, 0.0, 16.970205848537915, 10.995589347183708, 7.74635945873026, 9.21022330371847, 5.195306519684581, 33.42445165592672, 36.114214212471474], [29.393083810635037, 24.86065756670999, 37.49508693055951, 16.970205848537915, 0.0, 13.571233205326532, 10.390189551967614, 9.34130046775708, 15.824402237038983, 22.085203214135802, 31.67560465898359], [23.829470255519443, 18.961572524355795, 28.185983090006822, 10.995589347183708, 13.571233205326532, 0.0, 11.947784544142484, 5.341391627901313, 6.149917802576392, 23.129468494842307, 25.284029182980372], [34.50799620681563, 29.617262621079778, 40.04102382366078, 7.74635945873026, 10.390189551967614, 11.947784544142484, 0.0, 7.0366514912790254, 9.520854600220062, 30.31724164213262, 36.31842246069824], [27.571242434693154, 22.668475023542, 33.07098262304387, 9.21022330371847, 9.34130046775708, 5.341391627901313, 7.0366514912790254, 0.0, 6.601230114678585, 24.49151625296704, 29.321226998383096], [29.689992498479604, 24.880529064636267, 32.90442570512445, 5.195306519684581, 15.824402237038983, 6.149917802576392, 9.520854600220062, 6.601230114678585, 0.0, 29.17604389587378, 30.96717117928608], [12.801349647079173, 11.591854708087192, 24.339035370869876, 33.42445165592672, 22.085203214135802, 23.129468494842307, 30.31724164213262, 24.49151625296704, 29.17604389587378, 0.0, 15.427386739578136], [2.670713777402504, 6.84842739322396, 9.170568528689438, 36.114214212471474, 31.67560465898359, 25.284029182980372, 36.31842246069824, 29.321226998383096, 30.96717117928608, 15.427386739578136, 0.0]]