[[1.1102230246251565e-16, 0.2105001862628192, 0.7054100615846581, 1.639797155477899, 1.7528554462345192, 1.023977304142012, 1.881802605837834, 1.5713250598555004, 1.0820544653080078, 0.6279622325964358, 0.07009037673064289], [0.2105001862628192, 0.0, 0.50333454550806, 1.6055777591685423, 1.492230056306506, 1.2485060061874118, 1.8413435922823829, 1.6719389917789362, 1.360705341783391, 0.48022518593647257, 0.23035334368054583], [0.7054100615846581, 0.50333454550806, 2.220446049250313e-16, 1.2371968250394807, 1.0618231174847623, 1.601788697674054, 1.4076970636982598, 1.645993367215413, 1.4900794746811061, 0.7142567372098731, 0.6663952575227057], [1.639797155477899, 1.6055777591685423, 1.2371968250394807, 1.1102230246251565e-16, 0.6155995663940219, 1.211784433606606, 0.3266354473666435, 0.8443417223557963, 1.0863940765300522, 1.248293624586231, 1.6081002089604777], [1.7528554462345192, 1.492230056306506, 1.0618231174847623, 0.6155995663940219, 0.0, 1.2925973446705976, 0.37825551261509804, 0.8090992898193584, 1.2652838258911159, 1.1011993382218694, 1.7368064846402782], [1.023977304142012, 1.2485060061874118, 1.601788697674054, 1.211784433606606, 1.2925973446705976, 1.1102230246251565e-16, 1.005366337582934, 0.35008558684034474, 0.1291877665893948, 1.5134024181062284, 1.0273436919117378], [1.881802605837834, 1.8413435922823829, 1.4076970636982598, 0.3266354473666435, 0.37825551261509804, 1.005366337582934, 0.0, 0.42660945140666084, 0.9191051522842798, 1.4456302132126755, 1.9033861002775159], [1.5713250598555004, 1.6719389917789362, 1.645993367215413, 0.8443417223557963, 0.8090992898193584, 0.35008558684034474, 0.42660945140666084, 0.0, 0.3589522308965756, 1.562669854962203, 1.6085663385068922], [1.0820544653080078, 1.360705341783391, 1.4900794746811061, 1.0863940765300522, 1.2652838258911159, 0.1291877665893948, 0.9191051522842798, 0.3589522308965756, 0.0, 1.6652796561457475, 1.0754467776131937], [0.6279622325964358, 0.48022518593647257, 0.7142567372098731, 1.248293624586231, 1.1011993382218694, 1.5134024181062284, 1.4456302132126755, 1.562669854962203, 1.6652796561457475, 0.0, 0.66461213894356], [0.07009037673064289, 0.23035334368054583, 0.6663952575227057, 1.6081002089604777, 1.7368064846402782, 1.0273436919117378, 1.9033861002775159, 1.6085663385068922, 1.0754467776131937, 0.66461213894356, 0.0]]