[[0.0, 0.07007447089390695, 0.6274952637160885, 1.800249116225133, 1.948401013396167, 0.8355921862669705, 1.9909628784752618, 1.33809945311928, 0.8962350265692605, 1.1623559519274898, 3.02079847207537e-05], [0.07007447089390695, 0.0, 0.9948795171169859, 1.964698614445604, 1.9985453744374397, 0.48436923400446474, 1.9708500566713045, 0.9683159542582719, 0.5377435726340702, 1.5138476492300879, 0.06724416351521778], [0.6274952637160885, 0.9948795171169859, 1.1102230246251565e-16, 0.7415867945215844, 1.0590301835916085, 1.8541593858704208, 1.244655724466831, 1.9993225937975396, 1.8843676959116078, 0.1447609382260645, 0.6347198288180178], [1.800249116225133, 1.964698614445604, 0.7415867945215844, 0.0, 0.050904272218845636, 1.7230749023415406, 0.12654556635715764, 1.293789713656715, 1.679468430445455, 0.27836332925106044, 1.8048859868460783], [1.948401013396167, 1.9985453744374397, 1.0590301835916085, 0.050904272218845636, 1.1102230246251565e-16, 1.4686833097886787, 0.01763872269063027, 0.977747171665478, 1.4137725582462282, 0.5331549354834879, 1.9508368841532637], [0.8355921862669705, 0.48436923400446474, 1.8541593858704208, 1.7230749023415406, 1.4686833097886787, 1.1102230246251565e-16, 1.2952331717557493, 0.12728200937493084, 0.0018724741016385993, 1.9999978371984581, 0.8279302079191231], [1.9909628784752618, 1.9708500566713045, 1.244655724466831, 0.12654556635715764, 0.01763872269063027, 1.2952331717557493, 0.0, 0.7911931508637093, 1.236239546501908, 0.7067545671477383, 1.9919755471242582], [1.33809945311928, 0.9683159542582719, 1.9993225937975396, 1.293789713656715, 0.977747171665478, 0.12728200937493084, 0.7911931508637093, 0.0, 0.09905275379078848, 1.8737315163004191, 1.3307742595129806], [0.8962350265692605, 0.5377435726340702, 1.8843676959116078, 1.679468430445455, 1.4137725582462282, 0.0018724741016385993, 1.236239546501908, 0.09905275379078848, 0.0, 1.998252583402419, 0.8885074070780231], [1.1623559519274898, 1.5138476492300879, 0.1447609382260645, 0.27836332925106044, 0.5331549354834879, 1.9999978371984581, 0.7067545671477383, 1.8737315163004191, 1.998252583402419, 0.0, 1.1700206334504695], [3.02079847207537e-05, 0.06724416351521778, 0.6347198288180178, 1.8048859868460783, 1.9508368841532637, 0.8279302079191231, 1.9919755471242582, 1.3307742595129806, 0.8885074070780231, 1.1700206334504695, 0.0]]