[[0.0, 4.397488286865449, 6.4215304310783585, 12.620585657827078, 13.004782148887735, 9.335966629939765, 15.81867798449604, 11.572793345749073, 10.46071130211868, 10.903363870019243, 4.5395324399082515], [4.397488286865449, 0.0, 5.304694422966549, 9.07877154282309, 9.010614633610258, 7.03978747818475, 11.637644982794189, 7.965667058451221, 8.172856512557058, 9.200896822138, 8.889121778261226], [6.4215304310783585, 5.304694422966549, 0.0, 7.323712372004687, 8.54157660908624, 12.303201537813344, 11.611657905637756, 12.53344942405677, 13.415928963960337, 4.484671143896408, 10.218968841563704], [12.620585657827078, 9.07877154282309, 7.323712372004687, 0.0, 2.184623036302198, 13.767314227037513, 4.797091308052827, 11.764032032911006, 14.558775022464728, 5.570988263797736, 16.994820844122984], [13.004782148887735, 9.010614633610258, 8.54157660908624, 2.184623036302198, 0.0, 12.611968659962741, 3.070332007350547, 10.152608523745943, 13.283500658126703, 7.604182040868105, 17.50790871733381], [9.335966629939765, 7.03978747818475, 12.303201537813344, 13.767314227037513, 12.611968659962741, 0.0, 14.014500641651118, 3.9518146293970235, 1.1565567998124435, 15.775020410476355, 12.358263594739684], [15.81867798449604, 11.637644982794189, 11.611657905637756, 4.797091308052827, 3.070332007350547, 14.014500641651118, 0.0, 10.880662003409052, 14.480089450381323, 10.362987227358532, 20.35154396630655], [11.572793345749073, 7.965667058451221, 12.53344942405677, 11.764032032911006, 10.152608523745943, 3.9518146293970235, 10.880662003409052, 0.0, 3.9060542395223043, 15.063122556118007, 15.333057151743324], [10.46071130211868, 8.172856512557058, 13.415928963960337, 14.558775022464728, 13.283500658126703, 1.1565567998124435, 14.480089450381323, 3.9060542395223043, 0.0, 16.802848081312217, 13.349007687135268], [10.903363870019243, 9.200896822138, 4.484671143896408, 5.570988263797736, 7.604182040868105, 15.775020410476355, 10.362987227358532, 15.063122556118007, 16.802848081312217, 0.0, 14.50839670409955], [4.5395324399082515, 8.889121778261226, 10.218968841563704, 16.994820844122984, 17.50790871733381, 12.358263594739684, 20.35154396630655, 15.333057151743324, 13.349007687135268, 14.50839670409955, 0.0]]