[[0.0, 0.805737077534989, 1.9603487661403753, 1.2045926125828095, 1.9788776507259334, 0.017606025272116743, 0.0021027696424865683, 1.3757368321710197, 0.0005700501443375305, 1.4858934620829354, 0.6561473801268036], [0.805737077534989, 1.1102230246251565e-16, 1.4600502981977685, 1.9999444389468621, 0.9896075253474471, 0.6258953293676859, 0.7425643164002316, 1.9820635382536853, 0.7727304139316491, 0.23702352147265981, 0.012067428017009885], [1.9603487661403753, 1.4600502981977685, 2.220446049250313e-16, 0.5306157171510859, 0.11693615448090433, 1.9955268011111862, 1.9764001767069592, 0.3807889327888938, 1.9692138118684908, 0.7770503097662869, 1.592019586641039], [1.2045926125828095, 1.9999444389468621, 0.5306157171510859, 0.0, 0.9998511658569816, 1.3838597447496173, 1.2676073908983527, 0.01600346107805073, 1.2375224133792408, 1.7561199133342675, 1.9895103663347724], [1.9788776507259334, 0.9896075253474471, 0.11693615448090433, 0.9998511658569816, 1.1102230246251565e-16, 1.9234485313707368, 1.963567858688914, 0.8216659760802676, 1.971417398963029, 0.3456794480750054, 1.1446091518219088], [0.017606025272116743, 0.6258953293676859, 1.9955268011111862, 1.3838597447496173, 1.9234485313707368, 0.0, 0.007562779425156596, 1.542253535135718, 0.011858858429556807, 1.3140539021002804, 0.4867719438071255], [0.0021027696424865683, 0.7425643164002316, 1.9764001767069592, 1.2676073908983527, 1.963567858688914, 0.007562779425156596, 0.0, 1.4350134700318384, 0.0004833957357934793, 1.4282213608921492, 0.5960066399953835], [1.3757368321710197, 1.9820635382536853, 0.3807889327888938, 0.01600346107805073, 0.8216659760802676, 1.542253535135718, 1.4350134700318384, 0.0, 1.4068094446958819, 1.6274075323289023, 1.999416087665515], [0.0005700501443375305, 0.7727304139316491, 1.9692138118684908, 1.2375224133792408, 1.971417398963029, 0.011858858429556807, 0.0004833957357934793, 1.4068094446958819, 0.0, 1.456109140821023, 0.6246414309070147], [1.4858934620829354, 0.23702352147265981, 0.7770503097662869, 1.7561199133342675, 0.3456794480750054, 1.3140539021002804, 1.4282213608921492, 1.6274075323289023, 1.456109140821023, 0.0, 0.3463521432165656], [0.6561473801268036, 0.012067428017009885, 1.592019586641039, 1.9895103663347724, 1.1446091518219088, 0.4867719438071255, 0.5960066399953835, 1.999416087665515, 0.6246414309070147, 0.3463521432165656, 1.1102230246251565e-16]]