[[0.0, 4.175930119779312, 12.340553319811232, 17.084712613556626, 18.54723954764734, 1.3879379398578142, 4.54333392464168, 18.731535501644508, 4.574745868380938, 9.816697524359773, 25.45604621384955], [4.175930119779312, 0.0, 10.0545082749568, 18.447168716719144, 14.974062553926498, 4.648431664803904, 8.089096013101825, 19.475452475717407, 8.20886513662326, 5.658057964597131, 23.988894262199825], [12.340553319811232, 10.0545082749568, 0.0, 14.073152962010363, 8.233376381241927, 13.553687372547254, 16.874220696492248, 13.443632907658568, 16.885435804423317, 10.008348207780655, 32.371066850403814], [17.084712613556626, 18.447168716719144, 14.073152962010363, 0.0, 21.6948655141267, 18.364123636112986, 19.831017018662315, 3.1239793320674925, 19.65466692495189, 21.9881997976279, 42.29763653837814], [18.54723954764734, 14.974062553926498, 8.233376381241927, 21.6948655141267, 0.0, 19.447140446778132, 22.944741724454744, 20.40707801027168, 23.028730586089708, 11.41183306701641, 32.17141810348907], [1.3879379398578142, 4.648431664803904, 13.553687372547254, 18.364123636112986, 19.447140446778132, 0.0, 3.4976064970519767, 20.074311896161312, 3.5893888735104795, 10.085138014521549, 24.349786706410146], [4.54333392464168, 8.089096013101825, 16.874220696492248, 19.831017018662315, 22.944741724454744, 3.4976064970519767, 0.0, 21.92199422878437, 0.26401152279713613, 13.300083361579935, 24.371547522147267], [18.731535501644508, 19.475452475717407, 13.443632907658568, 3.1239793320674925, 20.40707801027168, 20.074311896161312, 21.92199422878437, 0.0, 21.76856204682151, 22.32283182106182, 43.46406842302676], [4.574745868380938, 8.20886513662326, 16.885435804423317, 19.65466692495189, 23.028730586089708, 3.5893888735104795, 0.26401152279713613, 21.76856204682151, 0.0, 13.465476493943743, 24.627957263723786], [9.816697524359773, 5.658057964597131, 10.008348207780655, 21.9881997976279, 11.41183306701641, 10.085138014521549, 13.300083361579935, 22.32283182106182, 13.465476493943743, 0.0, 22.40789069921414], [25.45604621384955, 23.988894262199825, 32.371066850403814, 42.29763653837814, 32.17141810348907, 24.349786706410146, 24.371547522147267, 43.46406842302676, 24.627957263723786, 22.40789069921414, 0.0]]