[[1.1102230246251565e-16, 0.13211244188490134, 0.7030235377702632, 1.9354810752372211, 1.7366181044850508, 1.6472130293290785, 1.984522188002087, 1.8924947189781132, 1.9163896585529354, 0.20886446377496304, 0.005535902039928264], [0.13211244188490134, 0.0, 0.26790858815072593, 1.987436086788621, 1.3033379952113018, 1.9403933752697513, 1.941516827890137, 1.9986528684940141, 1.994170223887872, 0.6172224578416826, 0.08471890170335705], [0.7030235377702632, 0.26790858815072593, 0.0, 1.6152499884999998, 0.5729611219219388, 1.9201244899690961, 1.4597330093154035, 1.6957582011082661, 1.6543745020135563, 1.349097944394997, 0.604331222327563], [1.9354810752372211, 1.987436086788621, 1.6152499884999998, 0.0, 0.5498995842074479, 0.12516208403838136, 0.01706531454080462, 0.005694707047990799, 0.0012825430956746597, 1.5239526302065007, 1.9674340865597602], [1.7366181044850508, 1.3033379952113018, 0.5729611219219388, 0.5498995842074479, 2.220446049250313e-16, 1.0388076745079915, 0.3933130229430688, 0.6476266779417655, 0.5956887222204779, 1.9964229463578678, 1.6614758035525994], [1.6472130293290785, 1.9403933752697513, 1.9201244899690961, 0.12516208403838136, 1.0388076745079915, 0.0, 0.22920211800085066, 0.07852025320972167, 0.10175791956137348, 1.0457737675339664, 1.7237312181974311], [1.984522188002087, 1.941516827890137, 1.4597330093154035, 0.01706531454080462, 0.3933130229430688, 0.22920211800085066, 0.0, 0.04226675721416173, 0.027639687682096903, 1.671694319835948, 1.9974877476922899], [1.8924947189781132, 1.9986528684940141, 1.6957582011082661, 0.005694707047990799, 0.6476266779417655, 0.07852025320972167, 0.04226675721416173, 0.0, 0.0015743035104500702, 1.430198873842934, 1.9349497217156095], [1.9163896585529354, 1.994170223887872, 1.6543745020135563, 0.0012825430956746597, 0.5956887222204779, 0.10175791956137348, 0.027639687682096903, 0.0015743035104500702, 0.0, 1.480156294027085, 1.95337757873371], [0.20886446377496304, 0.6172224578416826, 1.349097944394997, 1.5239526302065007, 1.9964229463578678, 1.0457737675339664, 1.671694319835948, 1.430198873842934, 1.480156294027085, 0.0, 0.2775134485498818], [0.005535902039928264, 0.08471890170335705, 0.604331222327563, 1.9674340865597602, 1.6614758035525994, 1.7237312181974311, 1.9974877476922899, 1.9349497217156095, 1.95337757873371, 0.2775134485498818, 0.0]]