[[1.1102230246251565e-16, 0.007449897838285535, 1.9999610675488393, 1.9999797679856053, 1.9999968303050117, 6.7965718225648786e-06, 1.9996482460915148, 1.2126739426257223, 0.0004300816973675792, 1.793390298659716, 0.0001660242878174234], [0.007449897838285535, 0.0, 1.9935865537290989, 1.9933050395133862, 1.9922401929409235, 0.007905843002130264, 1.9954322596500145, 1.0920396203659932, 0.004303853254132073, 1.861643519803471, 0.005394636221684568], [1.9999610675488393, 1.9935865537290989, 1.1102230246251565e-16, 3.03316527761055e-06, 6.431925907557368e-05, 1.9999217381107908, 0.00015664730950049055, 0.7959564953503462, 1.9997897705080678, 0.20126928999331817, 1.9999558361681458], [1.9999797679856053, 1.9933050395133862, 3.03316527761055e-06, 0.0, 3.941770772397657e-05, 1.9999495189198284, 0.00020327354251092888, 0.7935459407500158, 1.999736236780436, 0.20275366604460154, 1.9999296555200878], [1.9999968303050117, 1.9922401929409235, 6.431925907557368e-05, 3.941770772397657e-05, 0.0, 1.9999993166319352, 0.00042169837457717296, 0.7848665183913208, 1.9994929141397058, 0.208144842020202, 1.999784928364129], [6.7965718225648786e-06, 0.007905843002130264, 1.9999217381107908, 1.9999495189198284, 1.9999993166319352, 0.0, 1.9995436706830252, 1.2162750350074536, 0.0005449945882933793, 1.7911406524788371, 0.00024000004060931168], [1.9996482460915148, 1.9954322596500145, 0.00015664730950049055, 0.00020327354251092888, 0.00042169837457717296, 1.9995436706830252, 0.0, 0.8133155315942228, 1.999996065725738, 0.1907448581631528, 1.9999655382046777], [1.2126739426257223, 1.0920396203659932, 0.7959564953503462, 0.7935459407500158, 0.7848665183913208, 1.2162750350074536, 0.8133155315942228, 0.0, 1.1839279570808148, 1.4260544208886274, 1.1948340377504165], [0.0004300816973675792, 0.004303853254132073, 1.9997897705080678, 1.999736236780436, 1.9994929141397058, 0.0005449945882933793, 1.999996065725738, 1.1839279570808148, 0.0, 1.8108998290174705, 6.168366050729457e-05], [1.793390298659716, 1.861643519803471, 0.20126928999331817, 0.20275366604460154, 0.208144842020202, 1.7911406524788371, 0.1907448581631528, 1.4260544208886274, 1.8108998290174705, 0.0, 1.8043502110309884], [0.0001660242878174234, 0.005394636221684568, 1.9999558361681458, 1.9999296555200878, 1.999784928364129, 0.00024000004060931168, 1.9999655382046777, 1.1948340377504165, 6.168366050729457e-05, 1.8043502110309884, 0.0]]