[[0.0, 1.8715957257970635, 1.5544047661665976, 1.5166679540160852, 1.743240362029946, 0.33294358163824334, 0.58598901378121, 1.8505129217849112, 0.8998547010971941, 0.8515243196268735, 0.045076128025741236], [1.8715957257970635, 1.1102230246251565e-16, 0.9247718340577931, 0.9693984294282392, 0.6801676384749534, 1.216182107829865, 0.9146118557553846, 0.0008605160639988396, 0.5995253169940284, 0.6446190501443066, 1.977831352741858], [1.5544047661665976, 0.9247718340577931, 0.0, 0.0009985638659808505, 0.031150263571546155, 1.989849396664762, 1.9871008654113194, 0.9661954379617732, 1.8835843494000208, 1.9053382185250933, 1.28236110536726], [1.5166679540160852, 0.9693984294282392, 0.0009985638659808505, 0.0, 0.04318221763034902, 1.9825113082759127, 1.99326812442111, 1.0108817362001568, 1.9036235281701908, 1.9234085717901737, 1.2392191041208485], [1.743240362029946, 0.6801676384749534, 0.031150263571546155, 0.04318221763034902, 1.1102230246251565e-16, 1.9942113166884965, 1.9167038557149598, 0.7197406747639055, 1.7400932109327516, 1.7719621777236618, 1.5111375086873275], [0.33294358163824334, 1.216182107829865, 1.989849396664762, 1.9825113082759127, 1.9942113166884965, 0.0, 0.04567220255756954, 1.1755004710031995, 0.19193551398018793, 0.1642087556365338, 0.5841678884049094], [0.58598901378121, 0.9146118557553846, 1.9871008654113194, 1.99326812442111, 1.9167038557149598, 0.04567220255756954, 0.0, 0.8733604166717502, 0.052842959373646026, 0.03834695245830222, 0.8748659650146096], [1.8505129217849112, 0.0008605160639988396, 0.9661954379617732, 1.0108817362001568, 0.7197406747639055, 1.1755004710031995, 0.8733604166717502, 1.1102230246251565e-16, 0.5618647833526536, 0.6061559774822343, 1.968305004310845], [0.8998547010971941, 0.5995253169940284, 1.8835843494000208, 1.9036235281701908, 1.7400932109327516, 0.19193551398018793, 0.052842959373646026, 0.5618647833526536, 2.220446049250313e-16, 0.0011862550816269524, 1.1997273441203677], [0.8515243196268735, 0.6446190501443066, 1.9053382185250933, 1.9234085717901737, 1.7719621777236618, 0.1642087556365338, 0.03834695245830222, 0.6061559774822343, 0.0011862550816269524, 2.220446049250313e-16, 1.1517775538600694], [0.045076128025741236, 1.977831352741858, 1.28236110536726, 1.2392191041208485, 1.5111375086873275, 0.5841678884049094, 0.8748659650146096, 1.968305004310845, 1.1997273441203677, 1.1517775538600694, 1.1102230246251565e-16]]