[[0.0, 2.61904671352003, 17.553675424039426, 13.530346583900911, 15.290618014994307, 5.596760164234985, 7.035508157824043, 22.758507118857718, 5.7686607438768, 16.60546813883275, 20.360069223983306], [2.61904671352003, 0.0, 16.659602103268544, 12.746276289284769, 13.830306281517093, 6.841699618856023, 7.509081480275205, 20.25700699260366, 5.352655773500174, 16.355056485146857, 22.97063941076494], [17.553675424039426, 16.659602103268544, 0.0, 4.037045262547132, 4.598152492631242, 23.11947570269292, 24.15143338144688, 26.786776615505975, 21.93481441420609, 32.66422744340589, 30.935061684632064], [13.530346583900911, 12.746276289284769, 4.037045262547132, 0.0, 4.207856175421133, 19.107613035404004, 20.202424178231187, 25.11041430534434, 18.068258785804172, 28.922451577490197, 27.69368085131253], [15.290618014994307, 13.830306281517093, 4.598152492631242, 4.207856175421133, 0.0, 20.61458746492288, 21.278902179327346, 22.19946467204198, 18.82007351116681, 29.135105122468907, 31.44819538527183], [5.596760164234985, 6.841699618856023, 23.11947570269292, 19.107613035404004, 20.61458746492288, 0.0, 2.353306549690752, 23.520417968611557, 3.839521841570575, 11.900581432436837, 19.94102280153806], [7.035508157824043, 7.509081480275205, 24.15143338144688, 20.202424178231187, 21.278902179327346, 2.353306549690752, 0.0, 21.86788456314793, 2.7787841427236555, 9.755493515433601, 22.096880949946655], [22.758507118857718, 20.25700699260366, 26.786776615505975, 25.11041430534434, 22.19946467204198, 23.520417968611557, 21.86788456314793, 0.0, 19.68584410461488, 21.438509991430596, 42.90873015880406], [5.7686607438768, 5.352655773500174, 21.93481441420609, 18.068258785804172, 18.82007351116681, 3.839521841570575, 2.7787841427236555, 19.68584410461488, 0.0, 11.038975554617851, 23.565346669646768], [16.60546813883275, 16.355056485146857, 32.66422744340589, 28.922451577490197, 29.135105122468907, 11.900581432436837, 9.755493515433601, 21.438509991430596, 11.038975554617851, 0.0, 29.397116995094382], [20.360069223983306, 22.97063941076494, 30.935061684632064, 27.69368085131253, 31.44819538527183, 19.94102280153806, 22.096880949946655, 42.90873015880406, 23.565346669646768, 29.397116995094382, 0.0]]