[[0.0, 0.6191877629297966, 0.9491821225497622, 1.184276352250253, 1.4925630975233704, 1.2471539019599134, 1.6773695055015105, 1.5819958930836924, 1.3774582792133248, 0.7795676620928096, 0.2574833480461449], [0.6191877629297966, 0.0, 0.7932834889832269, 1.335637958720147, 1.0319016698535288, 1.1165827653121163, 1.478374646256552, 1.4667001844476968, 1.3055844741873777, 1.0746273393416186, 0.7904239484534452], [0.9491821225497622, 0.7932834889832269, 0.0, 1.2771830362838836, 0.8393845749892374, 1.4490705430164714, 1.3164097491317475, 1.5148782118598847, 1.248993422215975, 1.363074157812532, 1.0435061565200658], [1.184276352250253, 1.335637958720147, 1.2771830362838836, 0.0, 1.1430486536056688, 1.0077070092825684, 0.6563162695873487, 0.8887405506963776, 0.9327579093684839, 1.1951494660301218, 1.2636143300161147], [1.4925630975233704, 1.0319016698535288, 0.8393845749892374, 1.1430486536056688, 0.0, 1.0443781371501737, 0.7619311338992928, 0.9439598412418597, 0.8821002221694458, 1.4194263991445135, 1.495414930066073], [1.2471539019599134, 1.1165827653121163, 1.4490705430164714, 1.0077070092825684, 1.0443781371501737, 1.1102230246251565e-16, 0.9143126683201156, 0.585254821671686, 0.3508979137190932, 1.1220969107091816, 1.215547701680919], [1.6773695055015105, 1.478374646256552, 1.3164097491317475, 0.6563162695873487, 0.7619311338992928, 0.9143126683201156, 2.220446049250313e-16, 0.38533616409683435, 0.7942639414305441, 1.1823150688986872, 1.6329678846568787], [1.5819958930836924, 1.4667001844476968, 1.5148782118598847, 0.8887405506963776, 0.9439598412418597, 0.585254821671686, 0.38533616409683435, 0.0, 0.5959666791598217, 0.9127412600660954, 1.5273690853922437], [1.3774582792133248, 1.3055844741873777, 1.248993422215975, 0.9327579093684839, 0.8821002221694458, 0.3508979137190932, 0.7942639414305441, 0.5959666791598217, 0.0, 1.360430164199267, 1.3159904031047984], [0.7795676620928096, 1.0746273393416186, 1.363074157812532, 1.1951494660301218, 1.4194263991445135, 1.1220969107091816, 1.1823150688986872, 0.9127412600660954, 1.360430164199267, 2.220446049250313e-16, 0.682983166869088], [0.2574833480461449, 0.7904239484534452, 1.0435061565200658, 1.2636143300161147, 1.495414930066073, 1.215547701680919, 1.6329678846568787, 1.5273690853922437, 1.3159904031047984, 0.682983166869088, 0.0]]