[[0.0, 3.15822782295976, 6.4609660644168905, 4.955063956035852, 5.6552177795851195, 4.2795732375477336, 6.419528248658493, 5.169882440323797, 4.4914211831344595, 4.467682399422325, 3.409800332841065], [3.15822782295976, 0.0, 6.042915583331164, 5.262888659922386, 4.732485736335635, 4.0576333717312245, 6.05152325330031, 4.9862689743088175, 4.381054752434322, 5.1898207884777445, 5.154542069735595], [6.4609660644168905, 6.042915583331164, 0.0, 7.747507953475417, 6.4817207173967955, 7.477257317509399, 8.265450375933515, 7.909992163163271, 7.050046447568452, 8.390574271305635, 7.896694996481547], [4.955063956035852, 5.262888659922386, 7.747507953475417, 0.0, 5.496855692791992, 4.427657863203247, 4.452744446811157, 4.392710991656224, 4.26476132219256, 5.971690371614345, 6.816858039468239], [5.6552177795851195, 4.732485736335635, 6.4817207173967955, 5.496855692791992, 0.0, 4.600223325268291, 4.8564873763161795, 4.613778975988201, 4.246993623525829, 6.5996431233430535, 7.488820500781658], [4.2795732375477336, 4.0576333717312245, 7.477257317509399, 4.427657863203247, 4.600223325268291, 0.0, 4.6986207488634815, 3.027172568182345, 2.1608628260248164, 5.135806538348555, 6.044584768008852], [6.419528248658493, 6.05152325330031, 8.265450375933515, 4.452744446811157, 4.8564873763161795, 4.6986207488634815, 0.0, 3.303240064105536, 4.413481437070437, 6.3720875426135155, 8.21984665506465], [5.169882440323797, 4.9862689743088175, 7.909992163163271, 4.392710991656224, 4.613778975988201, 3.027172568182345, 3.303240064105536, 0.0, 3.05126063658149, 4.880965958992425, 6.982680970752624], [4.4914211831344595, 4.381054752434322, 7.050046447568452, 4.26476132219256, 4.246993623525829, 2.1608628260248164, 4.413481437070437, 3.05126063658149, 0.0, 5.604695232902418, 6.248427399398113], [4.467682399422325, 5.1898207884777445, 8.390574271305635, 5.971690371614345, 6.5996431233430535, 5.135806538348555, 6.3720875426135155, 4.880965958992425, 5.604695232902418, 0.0, 5.340933741155543], [3.409800332841065, 5.154542069735595, 7.896694996481547, 6.816858039468239, 7.488820500781658, 6.044584768008852, 8.21984665506465, 6.982680970752624, 6.248427399398113, 5.340933741155543, 0.0]]