[[0.0, 0.018195555093033722, 0.7467003555483971, 1.9337060049867714, 1.9928000391934413, 0.5745448123073458, 1.9977106122594652, 1.01926761731457, 0.4868146357838379, 1.5126781577438595, 0.022465450078986593], [0.018195555093033722, 0.0, 0.9350112012797652, 1.9847067577634998, 1.9519892323091148, 0.410435313134661, 1.9923989017012866, 0.8290574921462625, 0.3331698441974206, 1.6663897292346537, 0.08027735502038447], [0.7467003555483971, 0.9350112012797652, 0.0, 0.8901432320668425, 1.3673529828517932, 1.7676985362073863, 1.1872973237618614, 1.9720887664227431, 1.7002978621058014, 0.2992804785399421, 0.5484894313002844], [1.9337060049867714, 1.9847067577634998, 0.8901432320668425, 0.0, 0.11590399503008697, 1.721269495963682, 0.044218070328968184, 1.3399838790636822, 1.7864625846831084, 0.21390248645024823, 1.8372637769635891], [1.9928000391934413, 1.9519892323091148, 1.3673529828517932, 0.11590399503008697, 1.1102230246251565e-16, 1.3139903336171919, 0.017573571454147396, 0.861109864709828, 1.4066829476718057, 0.5938569094523559, 1.99574373184831], [0.5745448123073458, 0.410435313134661, 1.7676985362073863, 1.721269495963682, 1.3139903336171919, 0.0, 1.4856830273506902, 0.10338601283078275, 0.0049388160147448845, 1.9951196605248442, 0.7748501285876438], [1.9977106122594652, 1.9923989017012866, 1.1872973237618614, 0.044218070328968184, 0.017573571454147396, 1.4856830273506902, 0.0, 1.0483918492448339, 1.570054017581592, 0.43043153185506355, 1.9610423050792365], [1.01926761731457, 0.8290574921462625, 1.9720887664227431, 1.3399838790636822, 0.861109864709828, 0.10338601283078275, 1.0483918492448339, 1.1102230246251565e-16, 0.15176938799606898, 1.8485433962258315, 1.2295708783130384], [0.4868146357838379, 0.3331698441974206, 1.7002978621058014, 1.7864625846831084, 1.4066829476718057, 0.0049388160147448845, 1.570054017581592, 0.15176938799606898, 0.0, 1.999999825445745, 0.6792472891405259], [1.5126781577438595, 1.6663897292346537, 0.2992804785399421, 0.21390248645024823, 0.5938569094523559, 1.9951196605248442, 0.43043153185506355, 1.8485433962258315, 1.999999825445745, 0.0, 1.3201930198144496], [0.022465450078986593, 0.08027735502038447, 0.5484894313002844, 1.8372637769635891, 1.99574373184831, 0.7748501285876438, 1.9610423050792365, 1.2295708783130384, 0.6792472891405259, 1.3201930198144496, 0.0]]