[[0.0, 2.4854180596112903, 6.260170955892697, 14.806427061391922, 13.653567507393156, 7.799647546450004, 15.90364064699906, 8.99401351363029, 8.164472497201519, 9.353802214163656, 3.7045425623324895], [2.4854180596112903, 0.0, 5.17438970883233, 12.687992159653263, 11.23868294902777, 6.689198675392767, 13.572496562798268, 6.980199968117283, 7.4896125465256524, 7.692352039566934, 6.1334075258078515], [6.260170955892697, 5.17438970883233, 0.0, 9.464856229567546, 9.8203649414093, 11.428911978590618, 11.325836339354439, 10.430659611332207, 12.462899776292753, 3.4357805083029445, 8.333181538545077], [14.806427061391922, 12.687992159653263, 9.464856229567546, 0.0, 4.247373935898554, 15.981020912158973, 2.950576791664039, 12.899031405034059, 17.466987592546957, 6.085151819666485, 17.631954520486165], [13.653567507393156, 11.23868294902777, 9.8203649414093, 4.247373935898554, 0.0, 12.852661911988172, 2.770776782619792, 9.415616544852305, 14.381375501824355, 7.215887470894434, 17.008661291641175], [7.799647546450004, 6.689198675392767, 11.428911978590618, 15.981020912158973, 12.852661911988172, 0.0, 15.615070612757549, 3.68312709371448, 1.5305994907170317, 12.8932348480682, 10.926211556310394], [15.90364064699906, 13.572496562798268, 11.325836339354439, 2.950576791664039, 2.770776782619792, 15.615070612757549, 0.0, 12.185104725174128, 17.14247583802701, 8.210660867872297, 19.07265460760277], [8.99401351363029, 6.980199968117283, 10.430659611332207, 12.899031405034059, 9.415616544852305, 3.68312709371448, 12.185104725174128, 0.0, 5.177377308871437, 10.922692266344743, 12.607326144482297], [8.164472497201519, 7.4896125465256524, 12.462899776292753, 17.466987592546957, 14.381375501824355, 1.5305994907170317, 17.14247583802701, 5.177377308871437, 0.0, 14.166357894178466, 10.927386967994943], [9.353802214163656, 7.692352039566934, 3.4357805083029445, 6.085151819666485, 7.215887470894434, 12.8932348480682, 8.210660867872297, 10.922692266344743, 14.166357894178466, 0.0, 11.748625007784689], [3.7045425623324895, 6.1334075258078515, 8.333181538545077, 17.631954520486165, 17.008661291641175, 10.926211556310394, 19.07265460760277, 12.607326144482297, 10.927386967994943, 11.748625007784689, 0.0]]