[[0.0, 3.5684151257053855, 9.47502599765018, 13.625676643218466, 16.11223557826121, 1.652876553841435, 19.09632624543894, 4.2821215203904615, 2.728814972866611, 7.883809352360774, 6.801106197608252], [3.5684151257053855, 0.0, 5.915274931098466, 10.079980889547278, 12.663322533736363, 4.803427927280251, 15.67468848176893, 2.6766282906057457, 6.240784131408573, 4.629233907635597, 10.016956804715596], [9.47502599765018, 5.915274931098466, 0.0, 4.495372224877103, 7.504745312504287, 10.676795087801114, 10.506082847707804, 6.893063110313911, 12.092107749282947, 2.763480339574708, 15.554682373947257], [13.625676643218466, 10.079980889547278, 4.495372224877103, 0.0, 3.16595990880426, 14.627608437837043, 6.068005933901822, 10.30045278960911, 16.32037232404188, 7.151310663244981, 19.96169452652867], [16.11223557826121, 12.663322533736363, 7.504745312504287, 3.16595990880426, 0.0, 16.92715969098644, 3.0319178181406548, 12.38065165432558, 18.83908759975504, 10.233496951381477, 22.666583139353722], [1.652876553841435, 4.803427927280251, 10.676795087801114, 14.627608437837043, 16.92715969098644, 0.0, 19.858042888078444, 4.633532418809821, 2.532607940767763, 9.331023553671807, 6.755246211447504], [19.09632624543894, 15.67468848176893, 10.506082847707804, 6.068005933901822, 3.0319178181406548, 19.858042888078444, 0.0, 15.27033315010667, 21.82501117778797, 13.209834639737931, 25.68546531471169], [4.2821215203904615, 2.6766282906057457, 6.893063110313911, 10.30045278960911, 12.38065165432558, 4.633532418809821, 15.27033315010667, 0.0, 6.876697319471168, 6.590181984598826, 11.063874355859413], [2.728814972866611, 6.240784131408573, 12.092107749282947, 16.32037232404188, 18.83908759975504, 2.532607940767763, 21.82501117778797, 6.876697319471168, 0.0, 10.266955355435638, 4.246963973469754], [7.883809352360774, 4.629233907635597, 2.763480339574708, 7.151310663244981, 10.233496951381477, 9.331023553671807, 13.209834639737931, 6.590181984598826, 10.266955355435638, 0.0, 13.330136494191972], [6.801106197608252, 10.016956804715596, 15.554682373947257, 19.96169452652867, 22.666583139353722, 6.755246211447504, 25.68546531471169, 11.063874355859413, 4.246963973469754, 13.330136494191972, 0.0]]