[[0.0, 0.5723875999406467, 1.025668077400091, 1.082740491254537, 1.4127842568158946, 0.977294832050886, 1.5795513296013735, 1.3839388917099409, 1.0941276696906135, 0.8138459846202086, 0.4398475968966865], [0.5723875999406467, 1.1102230246251565e-16, 0.7092044820183958, 1.2214412204176677, 1.0867065894401364, 1.0786047428896726, 1.541956305012015, 1.4252929644036076, 1.042349944734254, 1.067501820081087, 0.8081497198669099], [1.025668077400091, 0.7092044820183958, 0.0, 1.1689950356224021, 0.8047231913389781, 1.4686477141398881, 1.27397249470764, 1.4965913981703542, 1.0949648063541588, 1.370710524977325, 1.0060266888408744], [1.082740491254537, 1.2214412204176677, 1.1689950356224021, 1.1102230246251565e-16, 1.187453426856769, 1.0036028753773882, 0.8183563991109729, 1.064425502440698, 1.1082347181416528, 1.3286130270711358, 1.0992778670128942], [1.4127842568158946, 1.0867065894401364, 0.8047231913389781, 1.187453426856769, 0.0, 1.2002575923983987, 0.8607196684333935, 1.107656332308455, 1.1442283313993897, 1.3612419110818599, 1.329897893145819], [0.977294832050886, 1.0786047428896726, 1.4686477141398881, 1.0036028753773882, 1.2002575923983987, 0.0, 0.999475201739478, 0.5752540538043436, 0.5847675469456055, 0.9909995621506223, 1.1467945995171773], [1.5795513296013735, 1.541956305012015, 1.27397249470764, 0.8183563991109729, 0.8607196684333935, 0.999475201739478, 0.0, 0.5258942894141769, 1.092877640901274, 1.1658811739443673, 1.5857746587144912], [1.3839388917099409, 1.4252929644036076, 1.4965913981703542, 1.064425502440698, 1.107656332308455, 0.5752540538043436, 0.5258942894141769, 2.220446049250313e-16, 0.841143727931996, 0.8714680982232424, 1.502732584351361], [1.0941276696906135, 1.042349944734254, 1.0949648063541588, 1.1082347181416528, 1.1442283313993897, 0.5847675469456055, 1.092877640901274, 0.841143727931996, 0.0, 1.204206733548571, 0.972296238584167], [0.8138459846202086, 1.067501820081087, 1.370710524977325, 1.3286130270711358, 1.3612419110818599, 0.9909995621506223, 1.1658811739443673, 0.8714680982232424, 1.204206733548571, 0.0, 0.884079419986193], [0.4398475968966865, 0.8081497198669099, 1.0060266888408744, 1.0992778670128942, 1.329897893145819, 1.1467945995171773, 1.5857746587144912, 1.502732584351361, 0.972296238584167, 0.884079419986193, 0.0]]