[[0.0, 2.6705333065427688, 5.492597948411607, 4.3931523881115995, 5.410106112565566, 3.3324534340167564, 5.944120614021942, 4.693853441706925, 3.358192680606543, 4.5810700842172905, 3.8895454307266406], [2.6705333065427688, 0.0, 4.681984211532361, 4.52340957989388, 4.6662602628018925, 3.3493782530971625, 5.722462948978201, 4.608010585541037, 3.1273303690970184, 5.05521496674442, 4.844234726547011], [5.492597948411607, 4.681984211532361, 0.0, 6.278216624312986, 5.495409122921479, 6.097739120396954, 7.0666711277845815, 6.825690710982288, 5.313094126040314, 7.515279446844435, 6.719701988885329], [4.3931523881115995, 4.52340957989388, 6.278216624312986, 0.0, 5.513249809367586, 3.9866286531377155, 4.766172856785382, 4.666199553270114, 4.02639625012359, 6.247778022824591, 6.027854565128458], [5.410106112565566, 4.6662602628018925, 5.495409122921479, 5.513249809367586, 0.0, 4.733973989014767, 5.1601323181080785, 5.122055582245292, 4.4949999528952125, 6.683942379898754, 6.948129195203242], [3.3324534340167564, 3.3493782530971625, 6.097739120396954, 3.9866286531377155, 4.733973989014767, 0.0, 4.596325668147128, 2.8913355844875164, 2.2114317132823755, 4.788181908224667, 5.448530126030645], [5.944120614021942, 5.722462948978201, 7.0666711277845815, 4.766172856785382, 5.1601323181080785, 4.596325668147128, 0.0, 3.745545927282386, 4.6436861091389074, 6.377862215635193, 7.799695124024434], [4.693853441706925, 4.608010585541037, 6.825690710982288, 4.666199553270114, 5.122055582245292, 2.8913355844875164, 3.745545927282386, 0.0, 3.3299150868316265, 4.934637002036022, 6.76118598047822], [3.358192680606543, 3.1273303690970184, 5.313094126040314, 4.02639625012359, 4.4949999528952125, 2.2114317132823755, 4.6436861091389074, 3.3299150868316265, 0.0, 5.043033234295672, 5.019896954054127], [4.5810700842172905, 5.05521496674442, 7.515279446844435, 6.247778022824591, 6.683942379898754, 4.788181908224667, 6.377862215635193, 4.934637002036022, 5.043033234295672, 0.0, 5.983176018071505], [3.8895454307266406, 4.844234726547011, 6.719701988885329, 6.027854565128458, 6.948129195203242, 5.448530126030645, 7.799695124024434, 6.76118598047822, 5.019896954054127, 5.983176018071505, 0.0]]