[[0.0, 14.176127494664343, 31.56966565586317, 35.385760701691645, 29.035960771209005, 23.5638405271654, 33.606803363686105, 25.014601710898475, 27.388301135963914, 21.165572269323885, 6.462061401546386], [14.176127494664343, 0.0, 18.6208038193156, 40.635482266058524, 17.161125912990958, 24.040421221357487, 32.90189711104509, 27.35933463674791, 26.131271296068423, 34.01464622267942, 19.712734983986902], [31.56966565586317, 18.6208038193156, 0.0, 57.86181280678736, 22.096280722909718, 40.24303247396271, 47.29969174793409, 44.09203718446973, 41.01907265781504, 52.35358179517456, 35.645351365828475], [35.385760701691645, 40.635482266058524, 57.86181280678736, 0.0, 40.39402715174678, 17.881797732984886, 15.888250203578918, 13.839237494786952, 18.74373116758517, 25.849764395465822, 38.642811360320614], [29.035960771209005, 17.161125912990958, 22.096280722909718, 40.39402715174678, 0.0, 22.814809537209246, 27.03738966737296, 26.9443113924465, 21.811338673200115, 44.36239864850938, 35.366299483903894], [23.5638405271654, 24.040421221357487, 40.24303247396271, 17.881797732984886, 22.814809537209246, 0.0, 10.0448810686365, 4.135645877510006, 4.361860703585269, 26.77649525134195, 28.970666724954345], [33.606803363686105, 32.90189711104509, 47.29969174793409, 15.888250203578918, 27.03738966737296, 10.0448810686365, 0.0, 9.663996862978644, 6.785870270660782, 34.05355349624308, 38.921476718980266], [25.014601710898475, 27.35933463674791, 44.09203718446973, 13.839237494786952, 26.9443113924465, 4.135645877510006, 9.663996862978644, 0.0, 6.756610689333832, 24.74684205899674, 29.83747724006206], [27.388301135963914, 26.131271296068423, 41.01907265781504, 18.74373116758517, 21.811338673200115, 4.361860703585269, 6.785870270660782, 6.756610689333832, 0.0, 30.953789139606613, 33.01846002340789], [21.165572269323885, 34.01464622267942, 52.35358179517456, 25.849764395465822, 44.36239864850938, 26.77649525134195, 34.05355349624308, 24.74684205899674, 30.953789139606613, 0.0, 19.835224405134714], [6.462061401546386, 19.712734983986902, 35.645351365828475, 38.642811360320614, 35.366299483903894, 28.970666724954345, 38.921476718980266, 29.83747724006206, 33.01846002340789, 19.835224405134714, 0.0]]