[[0.0, 0.005358296403463636, 1.9994495251987998, 1.9994064015898512, 1.9999891045818319, 4.19311942767564e-05, 1.9997081892461441, 1.4024081836369637, 0.0002936758193584632, 1.8030185424301082, 0.0001104971171375091], [0.005358296403463636, 0.0, 1.9975239860038663, 1.9904897057468731, 1.9951134601844212, 0.0063467301630970585, 1.9918541043764781, 1.3056096465483713, 0.00815571754499933, 1.8603267773638537, 0.003931376898085648], [1.9994495251987998, 1.9975239860038663, 0.0, 0.0022866796492674313, 0.00040649692746508315, 1.9991038064285163, 0.0016435407255804835, 0.6281846390583556, 1.998352038624044, 0.17765213129332313, 1.9998322654577358], [1.9994064015898512, 1.9904897057468731, 0.0022866796492674313, 0.0, 0.0007653046251868689, 1.999679978287974, 5.302990747468872e-05, 0.5662925186133658, 1.9999477609701652, 0.2179891077991818, 1.9987838457701192], [1.9999891045818319, 1.9951134601844212, 0.00040649692746508315, 0.0007653046251868689, 2.220446049250313e-16, 1.9999044259401906, 0.00041546679851345303, 0.6018696180888494, 1.9995823084263789, 0.19420826181340256, 1.9999480014412838], [4.19311942767564e-05, 0.0063467301630970585, 1.9991038064285163, 1.999679978287974, 1.9999044259401906, 1.1102230246251565e-16, 1.9998874844973353, 1.4107746795337393, 0.00011367479037704964, 1.7975273949466755, 0.000288554835039867], [1.9997081892461441, 1.9918541043764781, 0.0016435407255804835, 5.302990747468872e-05, 0.00041546679851345303, 1.9998874844973353, 0.0, 0.5755949280521968, 1.9999999970289777, 0.2116119491355909, 1.999238626830775], [1.4024081836369637, 1.3056096465483713, 0.6281846390583556, 0.5662925186133658, 0.6018696180888494, 1.4107746795337393, 0.5755949280521968, 0.0, 1.4244748687210547, 1.2224310634758024, 1.388754975660142], [0.0002936758193584632, 0.00815571754499933, 1.998352038624044, 1.9999477609701652, 1.9995823084263789, 0.00011367479037704964, 1.9999999970289777, 1.4244748687210547, 0.0, 1.7883406277162752, 0.0007643835924280307], [1.8030185424301082, 1.8603267773638537, 0.17765213129332313, 0.2179891077991818, 0.19420826181340256, 1.7975273949466755, 0.2116119491355909, 1.2224310634758024, 1.7883406277162752, 1.1102230246251565e-16, 1.811788944652124], [0.0001104971171375091, 0.003931376898085648, 1.9998322654577358, 1.9987838457701192, 1.9999480014412838, 0.000288554835039867, 1.999238626830775, 1.388754975660142, 0.0007643835924280307, 1.811788944652124, 0.0]]