[[0.0, 6.354931330566546, 15.375073654208485, 25.461426975487072, 27.919523316603374, 0.367762673334157, 37.99285978102219, 10.245021772075274, 3.0096902800662546, 11.350453302883555, 15.55774014867335], [6.354931330566546, 0.0, 9.0471642459927, 19.11260552323225, 21.58039095611166, 6.004595961803576, 31.644389467796824, 3.8901475487641006, 9.36251347432643, 5.150647500501659, 21.89699863271471], [15.375073654208485, 9.0471642459927, 0.0, 10.107094078394278, 12.545747410613213, 15.01718285041954, 22.629056615189526, 5.211881563592818, 18.367800415078307, 4.1515992811635485, 30.93219432548167], [25.461426975487072, 19.11260552323225, 10.107094078394278, 0.0, 2.5400232269335565, 25.106411345316516, 12.53181892518121, 15.230528157893323, 28.461754279168446, 14.233905863982267, 41.00922923585797], [27.919523316603374, 21.58039095611166, 12.545747410613213, 2.5400232269335565, 0.0, 27.56227819245386, 10.096172450963294, 17.70823101955162, 30.91354724584138, 16.63937380592989, 43.47498286937769], [0.367762673334157, 6.004595961803576, 15.01718285041954, 25.106411345316516, 27.56227819245386, 0.0, 37.6374813898901, 9.89459465175092, 3.3580205392811493, 10.987089562678948, 15.917090552551791], [37.99285978102219, 31.644389467796824, 22.629056615189526, 12.53181892518121, 10.096172450963294, 37.6374813898901, 0.0, 27.761267792764013, 40.99210015847443, 26.73429442137995, 53.540769698130624], [10.245021772075274, 3.8901475487641006, 5.211881563592818, 15.230528157893323, 17.70823101955162, 9.89459465175092, 27.761267792764013, 0.0, 13.252579090317298, 1.96205403851723, 25.77993738056797], [3.0096902800662546, 9.36251347432643, 18.367800415078307, 28.461754279168446, 30.91354724584138, 3.3580205392811493, 40.99210015847443, 13.252579090317298, 0.0, 14.315774920164447, 12.578919717116364], [11.350453302883555, 5.150647500501659, 4.1515992811635485, 14.233905863982267, 16.63937380592989, 10.987089562678948, 26.73429442137995, 1.96205403851723, 14.315774920164447, 0.0, 26.894547093163986], [15.55774014867335, 21.89699863271471, 30.93219432548167, 41.00922923585797, 43.47498286937769, 15.917090552551791, 53.540769698130624, 25.77993738056797, 12.578919717116364, 26.894547093163986, 0.0]]