[[0.0, 0.5344368948544265, 0.12040251195040974, 0.8021804469175886, 1.811837476220758, 1.2203661872313454, 1.9921283901209481, 1.978450263201378, 0.4870695974456546, 1.046444304382367, 0.14484624683316272], [0.5344368948544265, 1.1102230246251565e-16, 0.1694738470358499, 1.7754279415331726, 0.8612161259193484, 1.9658529271236214, 1.3510725622387525, 1.2727901699818858, 0.0014751979852553054, 1.905682404832938, 0.14310297221558466], [0.12040251195040974, 0.1694738470358499, 0.0, 1.292316157300434, 1.4363259309967351, 1.6578577311873495, 1.8131018504122953, 1.7624147434094861, 0.14045642959667215, 1.51605761276678, 0.0012085051084437248], [0.8021804469175886, 1.7754279415331726, 1.292316157300434, 0.0, 1.732942360745506, 0.08745127886750692, 1.3190125862657371, 1.3959588216704986, 1.739998624616316, 0.030006932593704905, 1.338964424273712], [1.811837476220758, 0.8612161259193484, 1.4363259309967351, 1.732942360745506, 0.0, 1.3906284636988082, 0.12143628404075013, 0.08509560380259218, 0.9151929174809804, 1.545548168271476, 1.3915755963522458], [1.2203661872313454, 1.9658529271236214, 1.6578577311873495, 0.08745127886750692, 1.3906284636988082, 0.0, 0.903514902291836, 0.9857893720776383, 1.950360108686366, 0.015400621823185134, 1.694078323222925], [1.9921283901209481, 1.3510725622387525, 1.8131018504122953, 1.3190125862657371, 0.12143628404075013, 0.903514902291836, 0.0, 0.0033949619518575114, 1.4013960409412773, 1.0790109824513827, 1.7835089666054726], [1.978450263201378, 1.2727901699818858, 1.7624147434094861, 1.3959588216704986, 0.08509560380259218, 0.9857893720776383, 0.0033949619518575114, 1.1102230246251565e-16, 1.3246259503868125, 1.1608163832243188, 1.729690090018523], [0.4870695974456546, 0.0014751979852553054, 0.14045642959667215, 1.739998624616316, 0.9151929174809804, 1.950360108686366, 1.4013960409412773, 1.3246259503868125, 0.0, 1.8813265438735485, 0.11637737011635574], [1.046444304382367, 1.905682404832938, 1.51605761276678, 0.030006932593704905, 1.545548168271476, 0.015400621823185134, 1.0790109824513827, 1.1608163832243188, 1.8813265438735485, 0.0, 1.5575320719802794], [0.14484624683316272, 0.14310297221558466, 0.0012085051084437248, 1.338964424273712, 1.3915755963522458, 1.694078323222925, 1.7835089666054726, 1.729690090018523, 0.11637737011635574, 1.5575320719802794, 0.0]]