[[0.0, 6.2474722056413725, 13.197070039100643, 11.115581999352642, 27.942058212802234, 10.71566943169217, 15.648137920130926, 26.577986427409055, 6.041274251954623, 19.405752794921813, 15.762148317073724], [6.2474722056413725, 0.0, 15.95491773171416, 13.256335918188691, 21.726461359180707, 10.375711915860638, 10.578995392804897, 21.001947074117307, 0.35186579011405283, 21.245079059133968, 18.217064241874038], [13.197070039100643, 15.95491773171416, 0.0, 23.94753140266887, 34.68003007633183, 23.883917871881728, 26.46438663364483, 36.2433660267069, 16.05549020004552, 31.97204642230353, 2.592863614382225], [11.115581999352642, 13.256335918188691, 23.94753140266887, 0.0, 30.130667216536526, 4.8553044661957925, 15.252026698881005, 25.412454673019322, 12.905257562525009, 8.326844879081719, 26.540393531052402], [27.942058212802234, 21.726461359180707, 34.68003007633183, 30.130667216536526, 0.0, 25.293679299636807, 14.915716884096687, 8.860280072621178, 21.907794689948847, 34.944794886000324, 36.10084731020327], [10.71566943169217, 10.375711915860638, 23.883917871881728, 4.8553044661957925, 25.293679299636807, 0.0, 10.400047051748995, 20.66745232416536, 10.052675256729271, 11.246225813205134, 26.428009932305045], [15.648137920130926, 10.578995392804897, 26.46438663364483, 15.252026698881005, 14.915716884096687, 10.400047051748995, 0.0, 11.063423984102823, 10.53865738325238, 20.357234971345118, 28.631006168089755], [26.577986427409055, 21.001947074117307, 36.2433660267069, 25.412454673019322, 8.860280072621178, 20.66745232416536, 11.063423984102823, 0.0, 21.046303380679642, 28.530850860740582, 38.13859354896731], [6.041274251954623, 0.35186579011405283, 16.05549020004552, 12.905257562525009, 21.907794689948847, 10.052675256729271, 10.53865738325238, 21.046303380679642, 0.0, 20.90078318235424, 18.341897821786258], [19.405752794921813, 21.245079059133968, 31.97204642230353, 8.326844879081719, 34.944794886000324, 11.246225813205134, 20.357234971345118, 28.530850860740582, 20.90078318235424, 0.0, 34.55738210191077], [15.762148317073724, 18.217064241874038, 2.592863614382225, 26.540393531052402, 36.10084731020327, 26.428009932305045, 28.631006168089755, 38.13859354896731, 18.341897821786258, 34.55738210191077, 0.0]]