[[2.220446049250313e-16, 0.11770701256666194, 1.841436023132486, 1.6280752610047338, 1.9071547890472091, 0.45838201056287675, 1.9191169971044149, 0.737274224075865, 0.49024271703357114, 1.6438920847163563, 9.673291530309935e-05], [0.11770701256666194, 0.0, 1.9967393666894888, 1.9204233177312058, 1.998445763559023, 0.12645165022481464, 1.996379329271865, 0.31403371608371444, 0.14529237473976164, 1.9282422059006632, 0.11124544868696196], [1.841436023132486, 1.9967393666894888, 1.1102230246251565e-16, 0.051034839808873245, 0.00930673475365107, 1.9099741408965456, 0.01372955526575792, 1.7424412449124347, 1.8938069224859606, 0.044770235617347054, 1.8488703766677124], [1.6280752610047338, 1.9204233177312058, 0.051034839808873245, 0.0, 0.10279417215775666, 1.9943111858625304, 0.1161451323080005, 1.91582808128652, 1.9896248298798311, 0.0002100582334737533, 1.6388377234340004], [1.9071547890472091, 1.998445763559023, 0.00930673475365107, 0.10279417215775666, 0.0, 1.845063795089354, 0.0004309992068363133, 1.6443476604022131, 1.8244481794545737, 0.09393149276226465, 1.9129198464097361], [0.45838201056287675, 0.12645165022481464, 1.9099741408965456, 1.9943111858625304, 1.845063795089354, 0.0, 1.8290035879548148, 0.0466089432826704, 0.0007014697186658037, 1.9919192439765423, 0.446742268404122], [1.9191169971044149, 1.996379329271865, 0.01372955526575792, 0.1161451323080005, 0.0004309992068363133, 1.8290035879548148, 2.220446049250313e-16, 1.6216199602468828, 1.8074788176175258, 0.10674371506028257, 1.924507967534046], [0.737274224075865, 0.31403371608371444, 1.7424412449124347, 1.91582808128652, 1.6443476604022131, 0.0466089432826704, 1.6216199602468828, 0.0, 0.03597787253842444, 1.907405247533629, 0.7238793859791601], [0.49024271703357114, 0.14529237473976164, 1.8938069224859606, 1.9896248298798311, 1.8244481794545737, 0.0007014697186658037, 1.8074788176175258, 0.03597787253842444, 0.0, 1.9864722225768328, 0.47832597838975477], [1.6438920847163563, 1.9282422059006632, 0.044770235617347054, 0.0002100582334737533, 0.09393149276226465, 1.9919192439765423, 0.10674371506028257, 1.907405247533629, 1.9864722225768328, 0.0, 1.6544716973262132], [9.673291530309935e-05, 0.11124544868696196, 1.8488703766677124, 1.6388377234340004, 1.9129198464097361, 0.446742268404122, 1.924507967534046, 0.7238793859791601, 0.47832597838975477, 1.6544716973262132, 1.1102230246251565e-16]]