[[0.0, 5.365232073285251, 8.675351288854817, 11.336656015916383, 12.439942232684404, 6.964105236007458, 14.191356285938713, 7.703829348018996, 7.565459556703906, 9.052313892556715, 3.572571387500072], [5.365232073285251, 0.0, 3.7677197632133455, 7.282825390325539, 7.532206596790297, 6.950541453519118, 9.27353365159725, 5.63472876839381, 7.530757724043978, 4.633424335253187, 8.917369746558382], [8.675351288854817, 3.7677197632133455, 0.0, 3.815610745196749, 3.804933019794864, 10.376129581352949, 5.560144283867145, 8.495341087776387, 10.89785563242886, 1.3029577411444988, 12.227691240180992], [11.336656015916383, 7.282825390325539, 3.815610745196749, 0.0, 2.868102947412138, 14.125113498490752, 3.9318615425609496, 12.310608132076082, 14.665462673239244, 2.665720007206956, 14.689907229329021], [12.439942232684404, 7.532206596790297, 3.804933019794864, 2.868102947412138, 0.0, 13.759853510214883, 1.7562738261039124, 11.563062248623249, 14.222362686979617, 3.512944463091198, 15.967766267623471], [6.964105236007458, 6.950541453519118, 10.376129581352949, 14.125113498490752, 13.759853510214883, 0.0, 15.360773058766712, 2.6725146111755755, 0.636618241956379, 11.461111517653572, 8.60574038048252], [14.191356285938713, 9.27353365159725, 5.560144283867145, 3.9318615425609496, 1.7562738261039124, 15.360773058766712, 0.0, 13.07603461960516, 15.80057899834015, 5.214171820517381, 17.71275613157472], [7.703829348018996, 5.63472876839381, 8.495341087776387, 12.310608132076082, 11.563062248623249, 2.6725146111755755, 13.07603461960516, 0.0, 2.8960673389521117, 9.700477827369218, 10.18624683715704], [7.565459556703906, 7.530757724043978, 10.89785563242886, 14.665462673239244, 14.222362686979617, 0.636618241956379, 15.80057899834015, 2.8960673389521117, 0.0, 12.004799204182232, 9.076998188280658], [9.052313892556715, 4.633424335253187, 1.3029577411444988, 2.665720007206956, 3.512944463091198, 11.461111517653572, 5.214171820517381, 9.700477827369218, 12.004799204182232, 0.0, 12.5335568166341], [3.572571387500072, 8.917369746558382, 12.227691240180992, 14.689907229329021, 15.967766267623471, 8.60574038048252, 17.71275613157472, 10.18624683715704, 9.076998188280658, 12.5335568166341, 0.0]]