[[0.0, 0.4741466964186014, 0.8181083544329755, 1.1576295026753511, 1.491412452177673, 0.5882740528295343, 1.6815795056965628, 1.121780478758711, 0.7408089960040526, 0.8745843471569001, 0.6418458707379944], [0.4741466964186014, 0.0, 0.7155854469131433, 0.8246478476283794, 1.392383401727118, 1.1881387025956487, 1.6065362374338399, 1.1028446810676273, 0.8794781586953987, 1.1144032137218538, 0.6839331894583808], [0.8181083544329755, 0.7155854469131433, 0.0, 1.0065217194567362, 1.0244779036276108, 1.219054556372742, 1.3992359684249633, 0.8320245790707299, 1.2248486619524463, 1.3842087194886439, 1.0231551977380364], [1.1576295026753511, 0.8246478476283794, 1.0065217194567362, 0.0, 1.2361441913044957, 1.204855089482437, 0.993002008245382, 0.7894454603344196, 1.2906062524997344, 1.1664673302460753, 1.2335786984455372], [1.491412452177673, 1.392383401727118, 1.0244779036276108, 1.2361441913044957, 0.0, 1.415471725303149, 0.826368362984746, 1.0222905640314928, 1.2650848206592789, 1.0048596391221738, 1.2727079345218848], [0.5882740528295343, 1.1881387025956487, 1.219054556372742, 1.204855089482437, 1.415471725303149, 1.1102230246251565e-16, 0.9974336673403771, 0.8455066757396428, 0.6982180595682034, 0.8827892300318083, 1.1049202911857061], [1.6815795056965628, 1.6065362374338399, 1.3992359684249633, 0.993002008245382, 0.826368362984746, 0.9974336673403771, 0.0, 0.9205219665099001, 1.0947986162867387, 1.1664834277200087, 1.407384032524685], [1.121780478758711, 1.1028446810676273, 0.8320245790707299, 0.7894454603344196, 1.0222905640314928, 0.8455066757396428, 0.9205219665099001, 0.0, 1.1623909556189036, 1.2256043309000038, 1.6704159998115995], [0.7408089960040526, 0.8794781586953987, 1.2248486619524463, 1.2906062524997344, 1.2650848206592789, 0.6982180595682034, 1.0947986162867387, 1.1623909556189036, 0.0, 1.1807123613067017, 0.7056833651917611], [0.8745843471569001, 1.1144032137218538, 1.3842087194886439, 1.1664673302460753, 1.0048596391221738, 0.8827892300318083, 1.1664834277200087, 1.2256043309000038, 1.1807123613067017, 0.0, 1.0549542979131492], [0.6418458707379944, 0.6839331894583808, 1.0231551977380364, 1.2335786984455372, 1.2727079345218848, 1.1049202911857061, 1.407384032524685, 1.6704159998115995, 0.7056833651917611, 1.0549542979131492, 1.1102230246251565e-16]]