[[0.0, 0.03579143719175926, 1.0130205910254921, 0.6364515302534985, 1.9257426101487276, 0.2759773196252525, 1.5528198516283735, 1.998437378236055, 1.141500268468111, 0.7374680997083805, 0.11872187907080989], [0.03579143719175926, 1.1102230246251565e-16, 0.7474320866295227, 0.4024609652335156, 1.792343265860768, 0.4847818025596492, 1.7539791362823536, 1.977518708979758, 1.3989128950269754, 1.002709042765345, 0.27557106635919626], [1.0130205910254921, 0.7474320866295227, 0.0, 0.07323730275914031, 0.6098241133029998, 1.6991448952251784, 1.8260321116713336, 1.042877052183539, 1.988011881614081, 1.968259836223197, 1.4840327033536473], [0.6364515302534985, 0.4024609652335156, 0.07323730275914031, 0.0, 0.9842731773673774, 1.3793610897751676, 1.9772592341911226, 1.415038702843866, 1.9736441821762996, 1.8034556395907957, 1.1198733077910272], [1.9257426101487276, 1.792343265860768, 0.6098241133029998, 0.9842731773673774, 0.0, 1.9311004188785321, 0.8033473252473899, 0.0968360028565235, 1.2433564939306743, 1.6079267968867783, 1.994551641118139], [0.2759773196252525, 0.4847818025596492, 1.6991448952251784, 1.3793610897751676, 1.9311004188785321, 1.1102230246251565e-16, 0.8254630851379149, 1.6843452115458346, 0.4196136161910923, 0.14433984667090916, 0.03594781363559996], [1.5528198516283735, 1.7539791362823536, 1.8260321116713336, 1.9772592341911226, 0.8033473252473899, 0.8254630851379149, 0.0, 0.401477453327857, 0.09685954108453732, 0.341061483655262, 1.0933717483785292], [1.998437378236055, 1.977518708979758, 1.042877052183539, 1.415038702843866, 0.0968360028565235, 1.6843452115458346, 0.401477453327857, 0.0, 0.8034010816635041, 1.2081997846587524, 1.8534912787459752], [1.141500268468111, 1.3989128950269754, 1.988011881614081, 1.9736441821762996, 1.2433564939306743, 0.4196136161910923, 0.09685954108453732, 0.8034010816635041, 0.0, 0.08193386939670544, 0.6568582649430575], [0.7374680997083805, 1.002709042765345, 1.968259836223197, 1.8034556395907957, 1.6079267968867783, 0.14433984667090916, 0.341061483655262, 1.2081997846587524, 0.08193386939670544, 0.0, 0.3126155479668846], [0.11872187907080989, 0.27557106635919626, 1.4840327033536473, 1.1198733077910272, 1.994551641118139, 0.03594781363559996, 1.0933717483785292, 1.8534912787459752, 0.6568582649430575, 0.3126155479668846, 0.0]]