[[0.0, 4.895866955010612, 20.167328092702018, 13.83337556715277, 18.578627035809983, 5.101044549208979, 20.084106650419194, 26.975557846176095, 10.830916538251723, 8.533925772894532, 13.311241091389668], [4.895866955010612, 0.0, 18.18214658035477, 13.277999052564105, 13.711697295093105, 4.750990400666708, 17.109070291066576, 22.18044901158283, 8.351989428414084, 7.140802221830819, 17.54049535491612], [20.167328092702018, 18.18214658035477, 0.0, 7.484814107136308, 17.704482271381526, 22.885279188059958, 32.2185399780355, 27.63681002538988, 25.54869257302993, 25.140839108408972, 32.757804512767784], [13.83337556715277, 13.277999052564105, 7.484814107136308, 0.0, 18.525016228847257, 17.550634589053214, 29.547036354462282, 28.95539522894143, 21.50160100599439, 20.39600101965194, 25.661880199989312], [18.578627035809983, 13.711697295093105, 17.704482271381526, 18.525016228847257, 0.0, 16.80380797249739, 17.048207345116197, 10.432110082240468, 14.830936245439998, 16.42127889490233, 30.84411881663662], [5.101044549208979, 4.750990400666708, 22.885279188059958, 17.550634589053214, 16.80380797249739, 0.0, 15.08464876658756, 23.72949583055791, 5.850328655221389, 3.4328865018933317, 14.096079015822355], [20.084106650419194, 17.109070291066576, 32.2185399780355, 29.547036354462282, 17.048207345116197, 15.08464876658756, 0.0, 16.0405749616994, 9.255434958981265, 11.771605287814102, 25.59287349100484], [26.975557846176095, 22.18044901158283, 27.63681002538988, 28.95539522894143, 10.432110082240468, 23.72949583055791, 16.0405749616994, 0.0, 19.458038317228525, 21.952716191409248, 37.49767686556014], [10.830916538251723, 8.351989428414084, 25.54869257302993, 21.50160100599439, 14.830936245439998, 5.850328655221389, 9.255434958981265, 19.458038317228525, 0.0, 2.763442272049052, 18.184853159705728], [8.533925772894532, 7.140802221830819, 25.140839108408972, 20.39600101965194, 16.42127889490233, 3.4328865018933317, 11.771605287814102, 21.952716191409248, 2.763442272049052, 0.0, 15.564836800907528], [13.311241091389668, 17.54049535491612, 32.757804512767784, 25.661880199989312, 30.84411881663662, 14.096079015822355, 25.59287349100484, 37.49767686556014, 18.184853159705728, 15.564836800907528, 0.0]]