[[0.0, 0.0028614636596872023, 0.9868058567782144, 1.970574669310757, 1.9306604235713265, 0.3031903927192613, 1.9989206956413526, 0.6079446064237422, 0.581963955850503, 1.4957920572196368, 0.01446065413876707], [0.0028614636596872023, 0.0, 0.9112542966692618, 1.9495938867553166, 1.9556567087468526, 0.2509626681765932, 1.9925510201739982, 0.5395226491983927, 0.5144865385554125, 1.5600239612003473, 0.0044712611782427025], [0.9868058567782144, 0.9112542966692618, 1.1102230246251565e-16, 0.7720265063484263, 1.3781315198560138, 0.27361248829607754, 0.9667356539976655, 0.07496563128977562, 0.08613300743768482, 1.8749072246603173, 0.8175646622797659], [1.970574669310757, 1.9495938867553166, 0.7720265063484263, 0.0, 0.1848295890160514, 1.5035902203983886, 0.01928811095296623, 1.1589967667504117, 1.1869848220588017, 0.7279177542372925, 1.9157366893977383], [1.9306604235713265, 1.9556567087468526, 1.3781315198560138, 0.1848295890160514, 0.0, 1.9109257430645976, 0.08733873384121749, 1.7014624489015655, 1.721429857859763, 0.22083710065257978, 1.9792003334121726], [0.3031903927192613, 0.2509626681765932, 0.27361248829607754, 1.5035902203983886, 1.9109257430645976, 0.0, 1.6627422150576399, 0.06697826542393848, 0.05713115628462051, 1.9683675009045518, 0.19173000055138956], [1.9989206956413526, 1.9925510201739982, 0.9667356539976655, 0.01928811095296623, 0.08733873384121749, 1.6627422150576399, 0.0, 1.3489025299945314, 1.375389813749432, 0.5450806668139989, 1.9766051373018794], [0.6079446064237422, 0.5395226491983927, 0.07496563128977562, 1.1589967667504117, 1.7014624489015655, 0.06697826542393848, 1.3489025299945314, 0.0, 0.00040375062616104795, 1.993293209624363, 0.4577328766625841], [0.581963955850503, 0.5144865385554125, 0.08613300743768482, 1.1869848220588017, 1.721429857859763, 0.05713115628462051, 1.375389813749432, 0.00040375062616104795, 0.0, 1.9961774342454168, 0.43407845362202024], [1.4957920572196368, 1.5600239612003473, 1.8749072246603173, 0.7279177542372925, 0.22083710065257978, 1.9683675009045518, 0.5450806668139989, 1.993293209624363, 1.9961774342454168, 0.0, 1.6357771216635628], [0.01446065413876707, 0.0044712611782427025, 0.8175646622797659, 1.9157366893977383, 1.9792003334121726, 0.19173000055138956, 1.9766051373018794, 0.4577328766625841, 0.43407845362202024, 1.6357771216635628, 0.0]]