[[0.0, 3.630650126284265, 7.333657691083448, 14.206320402777399, 13.001572737421839, 5.57318321819851, 16.624196746351288, 6.771470808036405, 8.412034597753372, 8.761542534532731, 4.016550345103395], [3.630650126284265, 0.0, 3.7073076700869754, 10.57977418656297, 9.519391031235337, 4.842329858197656, 12.999726404250872, 3.74726920708655, 7.17668204695811, 5.429540638385282, 7.347755560362156], [7.333657691083448, 3.7073076700869754, 0.0, 6.9158571011339784, 6.025386907838866, 6.729904113948358, 9.2924346624835, 3.1927896091137833, 7.916774933795994, 2.664646366129053, 10.991538380988581], [14.206320402777399, 10.57977418656297, 6.9158571011339784, 0.0, 4.048852468580603, 12.0835505609281, 2.8055053786981636, 8.281734342435236, 11.723940777276482, 6.735025732674722, 17.661446584030852], [13.001572737421839, 9.519391031235337, 6.025386907838866, 4.048852468580603, 0.0, 12.56694795846581, 4.5967296969887945, 8.703012945853345, 13.112150283876504, 4.308756379010189, 16.86365220348472], [5.57318321819851, 4.842329858197656, 6.729904113948358, 12.0835505609281, 12.56694795846581, 0.0, 14.850500317302213, 3.912531101720515, 2.842227543082486, 9.283547133150513, 6.7955702366353865], [16.624196746351288, 12.999726404250872, 9.2924346624835, 2.8055053786981636, 4.5967296969887945, 14.850500317302213, 0.0, 11.007303583864104, 14.526235608165889, 8.482885857777966, 20.223795145750486], [6.771470808036405, 3.74726920708655, 3.1927896091137833, 8.281734342435236, 8.703012945853345, 3.912531101720515, 11.007303583864104, 0.0, 4.7241193051405554, 5.857113407937147, 9.612499091077789], [8.412034597753372, 7.17668204695811, 7.916774933795994, 11.723940777276482, 13.112150283876504, 2.842227543082486, 14.526235608165889, 4.7241193051405554, 0.0, 10.581225963614134, 9.313017663321476], [8.761542534532731, 5.429540638385282, 2.664646366129053, 6.735025732674722, 4.308756379010189, 9.283547133150513, 8.482885857777966, 5.857113407937147, 10.581225963614134, 0.0, 12.69485363696773], [4.016550345103395, 7.347755560362156, 10.991538380988581, 17.661446584030852, 16.86365220348472, 6.7955702366353865, 20.223795145750486, 9.612499091077789, 9.313017663321476, 12.69485363696773, 0.0]]