[[0.0, 0.7222267703770553, 0.10226824328691386, 1.105377470815696, 0.5284196770894342, 1.3918293772781078, 1.2331768572858397, 1.949219560020488, 1.8819775402401893, 1.8030617498040153, 0.030024288452123904], [0.7222267703770553, 0.0, 0.32742846451226415, 0.07397296369347917, 0.021887171774704672, 1.9926710613514191, 1.9989361072100789, 1.5659010693110251, 1.6977343013233979, 1.7955143917136853, 0.4969357067052127], [0.10226824328691386, 0.32742846451226415, 2.220446049250313e-16, 0.6565110143140422, 0.18816681173550065, 1.7570734707794955, 1.6377289252164309, 1.9907455612970137, 1.9994031537249046, 1.9834514679448572, 0.022081268734775894], [1.105377470815696, 0.07397296369347917, 0.6565110143140422, 1.1102230246251565e-16, 0.17278056199519176, 1.8736254121939155, 1.9424485285435815, 1.2128363730166078, 1.3757268625564993, 1.5079534296400086, 0.8603658560755651], [0.5284196770894342, 0.021887171774704672, 0.18816681173550065, 0.17278056199519176, 1.1102230246251565e-16, 1.9960897082505322, 1.967476696021253, 1.7250675242628275, 1.83151893430328, 1.904182823401348, 0.3281175665467495], [1.3918293772781078, 1.9926710613514191, 1.7570734707794955, 1.8736254121939155, 1.9960897082505322, 2.220446049250313e-16, 0.013958004670018176, 0.338610709679806, 0.2208093052981862, 0.1370900770366954, 1.6038198591889676], [1.2331768572858397, 1.9989361072100789, 1.6377289252164309, 1.9424485285435815, 1.967476696021253, 0.013958004670018176, 1.1102230246251565e-16, 0.47272210890795685, 0.336043269718145, 0.23327502608051043, 1.4626736778496219], [1.949219560020488, 1.5659010693110251, 1.9907455612970137, 1.2128363730166078, 1.7250675242628275, 0.338610709679806, 0.47272210890795685, 2.220446049250313e-16, 0.0145345900201167, 0.050240668055539284, 1.9972347111768176], [1.8819775402401893, 1.6977343013233979, 1.9994031537249046, 1.3757268625564993, 1.83151893430328, 0.2208093052981862, 0.336043269718145, 0.0145345900201167, 0.0, 0.010876976892146173, 1.9701157213223799], [1.8030617498040153, 1.7955143917136853, 1.9834514679448572, 1.5079534296400086, 1.904182823401348, 0.1370900770366954, 0.23327502608051043, 0.050240668055539284, 0.010876976892146173, 1.1102230246251565e-16, 1.9238733320200512], [0.030024288452123904, 0.4969357067052127, 0.022081268734775894, 0.8603658560755651, 0.3281175665467495, 1.6038198591889676, 1.4626736778496219, 1.9972347111768176, 1.9701157213223799, 1.9238733320200512, 0.0]]