[[0.0, 4.20152886267008, 21.814753996181768, 14.523403967608042, 19.196070323073503, 10.173814379442662, 17.039826321298364, 20.547390667978043, 10.455174121395205, 29.971319977531756, 14.792466297895492], [4.20152886267008, 0.0, 22.33614230378149, 10.46590713200421, 16.88092657146463, 12.169352689708244, 19.71637674252112, 19.80090904642412, 10.438293876415285, 30.360687463620334, 16.354244199085446], [21.814753996181768, 22.33614230378149, 0.0, 23.779663396460624, 14.413506038038468, 31.565637495531135, 36.98276829407502, 42.02912256535233, 32.15915697273575, 51.76869809491131, 8.077781754561368], [14.523403967608042, 10.46590713200421, 23.779663396460624, 0.0, 11.944056577956697, 21.610139479287113, 29.385065869681533, 24.46028228424821, 18.02678204795326, 36.33867555440186, 21.039036725020384], [19.196070323073503, 16.88092657146463, 14.413506038038468, 11.944056577956697, 0.0, 28.946436648397746, 36.207710601226026, 35.27301854633977, 27.05892389431977, 46.68439208360517, 15.740941981866682], [10.173814379442662, 12.169352689708244, 31.565637495531135, 21.610139479287113, 28.946436648397746, 0.0, 7.778025880299536, 13.44754798903501, 5.379066888931433, 20.462126905328958, 23.985905846128794], [17.039826321298364, 19.71637674252112, 36.98276829407502, 29.385065869681533, 36.207710601226026, 7.778025880299536, 0.0, 16.30987885311184, 12.361256127985717, 18.218362641101404, 29.009065740875577], [20.547390667978043, 19.80090904642412, 42.02912256535233, 24.46028228424821, 35.27301854633977, 13.44754798903501, 16.30987885311184, 0.0, 10.150198064744963, 12.046192550361393, 35.33639889838677], [10.455174121395205, 10.438293876415285, 32.15915697273575, 18.02678204795326, 27.05892389431977, 5.379066888931433, 12.361256127985717, 10.150198064744963, 0.0, 19.933018918247843, 25.241279241777555], [29.971319977531756, 30.360687463620334, 51.76869809491131, 36.33867555440186, 46.68439208360517, 20.462126905328958, 18.218362641101404, 12.046192550361393, 19.933018918247843, 0.0, 44.38962736009287], [14.792466297895492, 16.354244199085446, 8.077781754561368, 21.039036725020384, 15.740941981866682, 23.985905846128794, 29.009065740875577, 35.33639889838677, 25.241279241777555, 44.38962736009287, 0.0]]