[[0.0, 0.03358596659573232, 1.3576723416072445, 0.07377560372687875, 1.9002136052217047, 0.9868185497411909, 1.7314058327572834, 1.9474452038407377, 0.7985397355341198, 0.6453366522924971, 0.17271592589354445], [0.03358596659573232, 0.0, 1.1056700900590697, 0.008005506792134631, 1.758073083432135, 1.2442290432581382, 1.8820933258435493, 1.9978401262071095, 0.5535850127886486, 0.8975325912942235, 0.05612817605554321], [1.3576723416072445, 1.1056700900590697, 0.0, 0.9792500282955962, 0.27137607820010634, 1.938480656508505, 1.3752263770923656, 0.9598796534335846, 0.15735657583364915, 1.9999948152636553, 0.7712764135312112], [0.07377560372687875, 0.008005506792134631, 0.9792500282955962, 2.220446049250313e-16, 1.6696476046506765, 1.3647309034307986, 1.9345195691060733, 1.99814722822037, 0.44415914044318294, 1.0239693331964128, 0.02197218072636653], [1.9002136052217047, 1.758073083432135, 0.27137607820010634, 1.6696476046506765, 1.1102230246251565e-16, 1.4472768685071633, 0.6385293901027614, 0.2864048159545348, 0.7548368300272201, 1.7264146097908477, 1.5001044126338972], [0.9868185497411909, 1.2442290432581382, 1.938480656508505, 1.3647309034307986, 1.4472768685071633, 1.1102230246251565e-16, 0.32775778416561585, 0.6925984038163362, 1.9767560517840268, 0.060412184767798305, 1.5508302091417625], [1.7314058327572834, 1.8820933258435493, 1.3752263770923656, 1.9345195691060733, 0.6385293901027614, 0.32775778416561585, 0.0, 0.08886732346380077, 1.815309585630756, 0.6217906929151407, 1.9881846330323811], [1.9474452038407377, 1.9978401262071095, 0.9598796534335846, 1.99814722822037, 0.2864048159545348, 0.6925984038163362, 0.08886732346380077, 0.0, 1.504231273083643, 1.0369025688629239, 1.9635311362412153], [0.7985397355341198, 0.5535850127886486, 0.15735657583364915, 0.44415914044318294, 0.7548368300272201, 1.9767560517840268, 1.815309585630756, 1.504231273083643, 0.0, 1.8443730224591321, 0.2830697402936029], [0.6453366522924971, 0.8975325912942235, 1.9999948152636553, 1.0239693331964128, 1.7264146097908477, 0.060412184767798305, 0.6217906929151407, 1.0369025688629239, 1.8443730224591321, 0.0, 1.231857201014083], [0.17271592589354445, 0.05612817605554321, 0.7712764135312112, 0.02197218072636653, 1.5001044126338972, 1.5508302091417625, 1.9881846330323811, 1.9635311362412153, 0.2830697402936029, 1.231857201014083, 0.0]]