[[0.0, 4.663835665044542, 15.456804009060916, 3.5835035084198243, 26.547943135795034, 7.561445935521989, 11.991370019209082, 28.721185934034644, 5.889180900148393, 20.792896291242972, 19.142845382475883], [4.663835665044542, 0.0, 12.485294125535791, 6.953955531563873, 22.095705192387527, 5.203131667125964, 8.14212697432541, 24.366251157286857, 1.262331958757238, 22.05040463685642, 22.494053264759707], [15.456804009060916, 12.485294125535791, 0.0, 14.682180797364241, 14.716788851843372, 16.734021605749604, 16.157471968579287, 25.602910183550527, 11.587527473493193, 34.41011074097935, 24.15669549353664], [3.5835035084198243, 6.953955531563873, 14.682180797364241, 0.0, 27.31220255561588, 10.94986059998332, 14.97169414201378, 31.298309656303335, 7.915215703227555, 23.85260286755211, 15.749786538631637], [26.547943135795034, 22.095705192387527, 14.716788851843372, 27.31220255561588, 0.0, 23.49035164538086, 19.610871192012894, 16.745828343606107, 20.83570832777817, 40.109856020439715, 38.84641830547238], [7.561445935521989, 5.203131667125964, 16.734021605749604, 10.94986059998332, 23.49035164538086, 0.0, 5.097239345283607, 21.990350373151053, 5.475600758324399, 17.82153268520758, 26.67405958085382], [11.991370019209082, 8.14212697432541, 16.157471968579287, 14.97169414201378, 19.610871192012894, 5.097239345283607, 0.0, 16.94013300855038, 7.5582337851216295, 20.558631224247137, 30.62792291955785], [28.721185934034644, 24.366251157286857, 25.602910183550527, 31.298309656303335, 16.745828343606107, 21.990350373151053, 16.94013300855038, 0.0, 23.391703632423262, 32.495449625317825, 46.35177181157399], [5.889180900148393, 1.262331958757238, 11.587527473493193, 7.915215703227555, 20.83570832777817, 5.475600758324399, 7.5582337851216295, 23.391703632423262, 0.0, 22.836307252932485, 23.233717582220365], [20.792896291242972, 22.05040463685642, 34.41011074097935, 23.85260286755211, 40.109856020439715, 17.82153268520758, 20.558631224247137, 32.495449625317825, 22.836307252932485, 0.0, 36.08144570796059], [19.142845382475883, 22.494053264759707, 24.15669549353664, 15.749786538631637, 38.84641830547238, 26.67405958085382, 30.62792291955785, 46.35177181157399, 23.233717582220365, 36.08144570796059, 0.0]]