[[0.0, 0.05371770229831263, 0.6659841056959637, 1.8112857140486671, 1.6458263117109828, 1.982752342181046, 1.9194164048273932, 1.8157059557440656, 1.9848159795294738, 0.3593382662325646, 0.00323160104209097], [0.05371770229831263, 1.1102230246251565e-16, 0.3791553741455367, 1.9567469600148133, 1.3642677232356482, 1.9897556019090392, 1.9971930406758238, 1.9589304945141812, 1.8757813297665236, 0.6420223676490424, 0.030801977613986287], [0.6659841056959637, 0.3791553741455367, 0.0, 1.8220542715036725, 0.4960807486016665, 1.5025606604599, 1.6777977883760649, 1.8177026895305612, 1.1653130530102147, 1.5097339943432244, 0.5913479495983397], [1.8112857140486671, 1.9567469600148133, 1.8220542715036725, 1.1102230246251565e-16, 0.9224213869619834, 0.09458976983825818, 0.024156289846274714, 2.8884789919914056e-05, 0.3025289717036572, 1.0708519360534714, 1.8556283416162946], [1.6458263117109828, 1.3642677232356482, 0.4960807486016665, 0.9224213869619834, 0.0, 0.5065012194717401, 0.7064840147636073, 0.9148459587882807, 0.23143788484384353, 1.9999772506053983, 1.5824092728355288], [1.982752342181046, 1.9897556019090392, 1.5025606604599, 0.09458976983825818, 0.5065012194717401, 0.0, 0.023712441019322572, 0.09138919114391186, 0.06427332135211661, 1.4876209043472208, 1.9944314568169028], [1.9194164048273932, 1.9971930406758238, 1.6777977883760649, 0.024156289846274714, 0.7064840147636073, 0.023712441019322572, 1.1102230246251565e-16, 0.022523980715042247, 0.16281898962345664, 1.2870611670120473, 1.9480374736694022], [1.8157059557440656, 1.9589304945141812, 1.8177026895305612, 2.8884789919914056e-05, 0.9148459587882807, 0.09138919114391186, 0.022523980715042247, 0.0, 0.2971024470548217, 1.0784313634162699, 1.8595376141432762], [1.9848159795294738, 1.8757813297665236, 1.1653130530102147, 0.3025289717036572, 0.23143788484384353, 0.06427332135211661, 0.16281898962345664, 0.2971024470548217, 0.0, 1.7642291933014074, 1.9676881995287843], [0.3593382662325646, 0.6420223676490424, 1.5097339943432244, 1.0708519360534714, 1.9999772506053983, 1.4876209043472208, 1.2870611670120473, 1.0784313634162699, 1.7642291933014074, 1.1102230246251565e-16, 0.42308715383957496], [0.00323160104209097, 0.030801977613986287, 0.5913479495983397, 1.8556283416162946, 1.5824092728355288, 1.9944314568169028, 1.9480374736694022, 1.8595376141432762, 1.9676881995287843, 0.42308715383957496, 0.0]]