[[0.0, 6.963374639285653, 24.706318086113253, 39.22105616078818, 37.855860015870036, 24.591161024315483, 37.14217189760421, 29.772341632998547, 30.96294807765845, 17.8817874245183, 4.098443854447748], [6.963374639285653, 0.0, 18.177792055429226, 36.68697267955269, 31.303089728805247, 20.494732557691062, 33.76179939212085, 26.75377596173031, 26.109358496130987, 22.084022094390328, 9.12671943132436], [24.706318086113253, 18.177792055429226, 0.0, 43.024458270965546, 22.707751718327, 26.276535783024606, 38.31347159013222, 33.56613537052167, 27.669459265242068, 39.568976081901475, 25.11890927644981], [39.22105616078818, 36.68697267955269, 43.024458270965546, 0.0, 30.099512184968436, 17.200574876633148, 5.526190735964091, 10.048909968212744, 16.08592232806719, 32.404502959635124, 43.28542648166366], [37.855860015870036, 31.303089728805247, 22.707751718327, 30.099512184968436, 0.0, 20.3044323223674, 24.57361408937972, 24.44537627982366, 15.336108204517696, 44.783271662609636, 40.41741867347471], [24.591161024315483, 20.494732557691062, 26.276535783024606, 17.200574876633148, 20.3044323223674, 0.0, 13.427514697166316, 7.334569824830341, 7.01572374315867, 25.426936435024132, 28.37109813949777], [37.14217189760421, 33.76179939212085, 38.31347159013222, 5.526190735964091, 24.57361408937972, 13.427514697166316, 0.0, 7.456563021767279, 10.87098752671583, 32.95983501690235, 41.10682131075339], [29.772341632998547, 26.75377596173031, 33.56613537052167, 10.048909968212744, 24.44537627982366, 7.334569824830341, 7.456563021767279, 0.0, 9.110958449208601, 26.13239570203952, 33.770994613208806], [30.96294807765845, 26.109358496130987, 27.669459265242068, 16.08592232806719, 15.336108204517696, 7.01572374315867, 10.87098752671583, 9.110958449208601, 0.0, 32.28154020329837, 34.553150264155356], [17.8817874245183, 22.084022094390328, 39.568976081901475, 32.404502959635124, 44.783271662609636, 25.426936435024132, 32.95983501690235, 26.13239570203952, 32.28154020329837, 0.0, 20.89041719878016], [4.098443854447748, 9.12671943132436, 25.11890927644981, 43.28542648166366, 40.41741867347471, 28.37109813949777, 41.10682131075339, 33.770994613208806, 34.553150264155356, 20.89041719878016, 0.0]]