[[0.0, 0.513552260509549, 0.8932710344753936, 0.8144268013675539, 1.476252773172583, 1.0100208169074192, 1.7176733423172876, 1.6408138278518052, 1.8331194062880094, 0.9675382871733166, 0.045638544735687625], [0.513552260509549, 0.0, 0.07936275809232263, 1.7682620625216865, 0.46341181150726385, 1.8785404103969365, 1.9575444367868537, 1.9824661395111907, 0.9220261978021668, 1.8574582857803077, 0.2748161366095754], [0.8932710344753936, 0.07936275809232263, 1.1102230246251565e-16, 1.957211771335151, 0.17654402323201734, 1.9953077399174224, 1.7689988229612266, 1.831704750646838, 0.5389839867182274, 1.9902995363074227, 0.6011938539417321], [0.8144268013675539, 1.7682620625216865, 1.957211771335151, 0.0, 1.9524149721466448, 0.01927848935001608, 0.44889684184848266, 0.3645560976726815, 1.6980908199957012, 0.01186339906072853, 1.1163626061138041], [1.476252773172583, 0.46341181150726385, 0.17654402323201734, 1.9524149721466448, 0.0, 1.874491827576327, 1.2705387949404179, 1.3698524739718032, 0.11688509126635216, 1.8943049865733592, 1.1919083115990077], [1.0100208169074192, 1.8785404103969365, 1.9953077399174224, 0.01927848935001608, 1.874491827576327, 0.0, 0.29646338564901453, 0.22592074883212865, 1.5447168625049161, 0.0009024963404921094, 1.3082024877520018], [1.7176733423172876, 1.9575444367868537, 1.7689988229612266, 0.44889684184848266, 1.2705387949404179, 0.29646338564901453, 0.0, 0.005496707842902904, 0.7872553810759395, 0.32728400609429886, 1.8928964210316785], [1.6408138278518052, 1.9824661395111907, 1.831704750646838, 0.3645560976726815, 1.3698524739718032, 0.22592074883212865, 0.005496707842902904, 1.1102230246251565e-16, 0.8907331549249276, 0.2535101870923696, 1.8408435949953976], [1.8331194062880094, 0.9220261978021668, 0.5389839867182274, 1.6980908199957012, 0.11688509126635216, 1.5447168625049161, 0.7872553810759395, 0.8907331549249276, 0.0, 1.5798461617523847, 1.6299135604395412], [0.9675382871733166, 1.8574582857803077, 1.9902995363074227, 0.01186339906072853, 1.8943049865733592, 0.0009024963404921094, 0.32728400609429886, 0.2535101870923696, 1.5798461617523847, 0.0, 1.2675163974493435], [0.045638544735687625, 0.2748161366095754, 0.6011938539417321, 1.1163626061138041, 1.1919083115990077, 1.3082024877520018, 1.8928964210316785, 1.8408435949953976, 1.6299135604395412, 1.2675163974493435, 1.1102230246251565e-16]]