[[0.0, 5.150025015965369, 9.431655161398222, 21.287154056591884, 20.852755938825847, 16.213490837713543, 25.827879177262616, 20.452518235557246, 20.79210308013341, 7.7980496146986775, 4.476400862287779], [5.150025015965369, 0.0, 4.72837024388823, 16.183930477860752, 15.875563931537133, 11.962760684150961, 20.678557693459567, 15.463390181783431, 16.31427219133862, 7.175962487200742, 8.903017739591256], [9.431655161398222, 4.72837024388823, 0.0, 12.100926761114863, 11.455163613059984, 11.706306973786695, 16.94169563937574, 13.03148510580512, 15.224681977025202, 7.025045089876343, 13.541070615523498], [21.287154056591884, 16.183930477860752, 12.100926761114863, 0.0, 2.32334321337382, 12.431624254022175, 5.139730677105146, 7.002036729968989, 11.8253887664229, 18.22090023782563, 24.963496582871365], [20.852755938825847, 15.875563931537133, 11.455163613059984, 2.32334321337382, 0.0, 13.909442687691051, 6.976351346146967, 9.085451784050552, 13.841737666697867, 17.000853128157488, 24.76702246641978], [16.213490837713543, 11.962760684150961, 11.706306973786695, 12.431624254022175, 13.909442687691051, 0.0, 14.224634622157536, 6.702416150767916, 4.675441399200683, 18.275576628170825, 17.99315703327746], [25.827879177262616, 20.678557693459567, 16.94169563937574, 5.139730677105146, 6.976351346146967, 14.224634622157536, 0.0, 7.563072373379667, 11.837531655324813, 23.299066417083246, 29.215030980473067], [20.452518235557246, 15.463390181783431, 13.03148510580512, 7.002036729968989, 9.085451784050552, 6.702416150767916, 7.563072373379667, 0.0, 4.8368180981726, 20.041343306098092, 23.18078170862889], [20.79210308013341, 16.31427219133862, 15.224681977025202, 11.8253887664229, 13.841737666697867, 4.675441399200683, 11.837531655324813, 4.8368180981726, 0.0, 22.127490741887343, 22.668419942588045], [7.7980496146986775, 7.175962487200742, 7.025045089876343, 18.22090023782563, 17.000853128157488, 18.275576628170825, 23.299066417083246, 20.041343306098092, 22.127490741887343, 0.0, 12.123764744908044], [4.476400862287779, 8.903017739591256, 13.541070615523498, 24.963496582871365, 24.76702246641978, 17.99315703327746, 29.215030980473067, 23.18078170862889, 22.668419942588045, 12.123764744908044, 0.0]]