[[0.0, 0.015147031232572106, 1.9024642900307298, 1.9618317054914103, 1.9999984389666272, 0.018858860804330857, 1.9960150414826554, 0.4962952587530812, 0.0013673670212185352, 1.4114086222026025, 0.002783969254033236], [0.015147031232572106, 2.220446049250313e-16, 1.9634855902960235, 1.9947099662882462, 1.9851578032250368, 0.00020491655885468418, 1.9654643741976505, 0.35413611185702565, 0.0074293303951149525, 1.5632149072957053, 0.030818061878644665], [1.9024642900307298, 1.9634855902960235, 0.0, 0.01410606241958634, 0.09677598495389272, 1.9687085054712592, 0.13954991635793534, 1.8267027537760345, 1.9237492910745573, 0.23609751129918488, 1.8678311705535973], [1.9618317054914103, 1.9947099662882462, 0.01410606241958634, 0.0, 0.037686288505709986, 1.9965855928020213, 0.06640599925559965, 1.7208716390898484, 1.974821641427876, 0.3548831552177505, 1.9387494470325106], [1.9999984389666272, 1.9851578032250368, 0.09677598495389272, 0.037686288505709986, 0.0, 1.9814811434995274, 0.004144098276889552, 1.505230368698407, 1.9987234438706867, 0.5869815440344097, 1.9970827194965786], [0.018858860804330857, 0.00020491655885468418, 1.9687085054712592, 1.9965855928020213, 1.9814811434995274, 2.220446049250313e-16, 1.9599924446594734, 0.33881366178350614, 0.010095716430572721, 1.5798267442832676, 0.03600351965939608], [1.9960150414826554, 1.9654643741976505, 0.13954991635793534, 0.06640599925559965, 0.004144098276889552, 1.9599924446594734, 2.220446049250313e-16, 1.4246523753739082, 1.9899907951307936, 0.6715189551009761, 1.9998924250258838], [0.4962952587530812, 0.35413611185702565, 1.8267027537760345, 1.7208716390898484, 1.505230368698407, 0.33881366178350614, 1.4246523753739082, 1.1102230246251565e-16, 0.45182333708116684, 1.9946090165905004, 0.5621139033695457], [0.0013673670212185352, 0.0074293303951149525, 1.9237492910745573, 1.974821641427876, 1.9987234438706867, 0.010095716430572721, 1.9899907951307936, 0.45182333708116684, 0.0, 1.4584938224702495, 0.008045636752707308], [1.4114086222026025, 1.5632149072957053, 0.23609751129918488, 0.3548831552177505, 0.5869815440344097, 1.5798267442832676, 0.6715189551009761, 1.9946090165905004, 1.4584938224702495, 0.0, 1.342299408021926], [0.002783969254033236, 0.030818061878644665, 1.8678311705535973, 1.9387494470325106, 1.9970827194965786, 0.03600351965939608, 1.9998924250258838, 0.5621139033695457, 0.008045636752707308, 1.342299408021926, 0.0]]