[[0.0, 3.5444137041513533, 9.340757351839144, 13.288241593741093, 15.250571780433969, 1.4683316015497017, 17.720417993682755, 4.505396453431811, 2.895883357950096, 7.780302691793245, 6.318241692759707], [3.5444137041513533, 0.0, 6.02348824377857, 9.892066100781761, 11.720206038791662, 4.506516400599531, 14.176386417134175, 2.83102430460651, 6.401417207529117, 5.21082282587961, 9.858868568828756], [9.340757351839144, 6.02348824377857, 0.0, 3.968368432874064, 6.406931498946981, 10.491036487879331, 9.079835528873858, 7.722011787586965, 12.232009061071032, 2.991548479718893, 15.437260505449322], [13.288241593741093, 9.892066100781761, 3.968368432874064, 0.0, 3.1266114753189354, 14.393138192444615, 5.719304192957443, 11.187478306875361, 16.18317673064553, 6.478405966312378, 19.405235430620387], [15.250571780433969, 11.720206038791662, 6.406931498946981, 3.1266114753189354, 0.0, 16.175897877609145, 2.6904401827361397, 12.370425395409885, 18.12161230314309, 9.262708653529497, 21.527642574838833], [1.4683316015497017, 4.506516400599531, 10.491036487879331, 14.393138192444615, 16.175897877609145, 0.0, 18.56582485932116, 4.579285302950419, 2.1245278204030793, 9.141861503919218, 5.747339368673112], [17.720417993682755, 14.176386417134175, 9.079835528873858, 5.719304192957443, 2.6904401827361397, 18.56582485932116, 0.0, 14.54021552540612, 20.562648947685265, 11.952716513963209, 24.026958663926887], [4.505396453431811, 2.83102430460651, 7.722011787586965, 11.187478306875361, 12.370425395409885, 4.579285302950419, 14.54021552540612, 0.0, 6.7005657097868045, 7.731001343333883, 10.319951002916614], [2.895883357950096, 6.401417207529117, 12.232009061071032, 16.18317673064553, 18.12161230314309, 2.1245278204030793, 20.562648947685265, 6.7005657097868045, 0.0, 10.536042521137052, 3.6228619541256606], [7.780302691793245, 5.21082282587961, 2.991548479718893, 6.478405966312378, 9.262708653529497, 9.141861503919218, 11.952716513963209, 7.731001343333883, 10.536042521137052, 0.0, 13.381892766694028], [6.318241692759707, 9.858868568828756, 15.437260505449322, 19.405235430620387, 21.527642574838833, 5.747339368673112, 24.026958663926887, 10.319951002916614, 3.6228619541256606, 13.381892766694028, 0.0]]