[[0.0, 0.0073321802948685955, 0.18412032066252215, 1.9705419128961048, 1.8063511492477342, 1.4357733127867878, 1.995200534380388, 1.8801113121064952, 1.6129232248088305, 0.3572504048346675, 0.0111634871355768], [0.0073321802948685955, 0.0, 0.12021034487900484, 1.9343031926360648, 1.7289492856150588, 1.5413718504580993, 1.976075206253034, 1.9310453602087951, 1.7039370898506971, 0.2693642089442926, 0.03642463538888707], [0.18412032066252215, 0.12021034487900484, 0.0, 1.6525331110131418, 1.3159037536251443, 1.875970774739858, 1.7553811346050412, 1.9925857506531248, 1.956949135382697, 0.03263169345595052, 0.27938603915822613], [1.9705419128961048, 1.9343031926360648, 1.6525331110131418, 0.0, 0.07490608907467755, 0.79391644827405, 0.010539371351162008, 0.2602019055646124, 0.5955031994790085, 1.4392428519773361, 1.9956072924028279], [1.8063511492477342, 1.7289492856150588, 1.3159037536251443, 0.07490608907467755, 1.1102230246251565e-16, 1.1809404526696723, 0.13964293700922448, 0.5711162749485191, 0.9730882106256651, 1.065195918539988, 1.8854762649820849], [1.4357733127867878, 1.5413718504580993, 1.875970774739858, 0.79391644827405, 1.1809404526696723, 0.0, 0.6543945487792069, 0.1891535210200075, 0.0217315877395432, 1.9696050737623256, 1.2967960715427886], [1.995200534380388, 1.976075206253034, 1.7553811346050412, 0.010539371351162008, 0.13964293700922448, 0.6543945487792069, 0.0, 0.17057183166777756, 0.467339062775705, 1.5646991843120885, 1.9986716894444023], [1.8801113121064952, 1.9310453602087951, 1.9925857506531248, 0.2602019055646124, 0.5711162749485191, 0.1891535210200075, 0.17057183166777756, 0.0, 0.08542545583171479, 1.9293992567746163, 1.7995437070308204], [1.6129232248088305, 1.7039370898506971, 1.956949135382697, 0.5955031994790085, 0.9730882106256651, 0.0217315877395432, 0.467339062775705, 0.08542545583171479, 0.0, 1.999265604533302, 1.4883460548301457], [0.3572504048346675, 0.2693642089442926, 0.03263169345595052, 1.4392428519773361, 1.065195918539988, 1.9696050737623256, 1.5646991843120885, 1.9293992567746163, 1.999265604533302, 0.0, 0.4785745788055624], [0.0111634871355768, 0.03642463538888707, 0.27938603915822613, 1.9956072924028279, 1.8854762649820849, 1.2967960715427886, 1.9986716894444023, 1.7995437070308204, 1.4883460548301457, 0.4785745788055624, 0.0]]