[[0.0, 4.01611028378375, 7.23395844442849, 21.758900938751978, 20.661103386045927, 16.32560506253671, 25.544692575827533, 19.575175134579087, 19.71180181153274, 9.566989069331232, 3.5749936315884816], [4.01611028378375, 0.0, 4.528342568150736, 17.804247915602634, 16.64505436266733, 13.280905346264351, 21.63594424981576, 16.05619346194082, 16.696340528535835, 6.351815970818318, 7.4150090420159485], [7.23395844442849, 4.528342568150736, 0.0, 17.240668378027195, 15.220989963362582, 15.460194581384942, 21.23313873073993, 17.17113398144926, 18.7440220631296, 2.4676198440509993, 10.775332112563978], [21.758900938751978, 17.804247915602634, 17.240668378027195, 0.0, 3.6273355021018987, 10.285807768764698, 3.999068387495392, 6.402284997419555, 10.313142526734474, 15.378850804669842, 24.80823626470971], [20.661103386045927, 16.64505436266733, 15.220989963362582, 3.6273355021018987, 0.0, 12.192208726204653, 6.986349308801647, 9.153798295258765, 13.04254410100835, 13.08368451285245, 23.96036602990633], [16.32560506253671, 13.280905346264351, 15.460194581384942, 10.285807768764698, 12.192208726204653, 0.0, 12.45434403993576, 4.507730214535522, 3.4167394929357062, 14.986202352713484, 18.345178907863236], [25.544692575827533, 21.63594424981576, 21.23313873073993, 3.999068387495392, 6.986349308801647, 12.45434403993576, 0.0, 7.9890385866580536, 11.368927171166892, 19.375892874221012, 28.482080361406712], [19.575175134579087, 16.05619346194082, 17.17113398144926, 6.402284997419555, 9.153798295258765, 4.507730214535522, 7.9890385866580536, 0.0, 3.9321518185430953, 16.067736496402677, 22.017908962100705], [19.71180181153274, 16.696340528535835, 18.7440220631296, 10.313142526734474, 13.04254410100835, 3.4167394929357062, 11.368927171166892, 3.9321518185430953, 0.0, 18.101081745620483, 21.617228952998087], [9.566989069331232, 6.351815970818318, 2.4676198440509993, 15.378850804669842, 13.08368451285245, 14.986202352713484, 19.375892874221012, 16.067736496402677, 18.101081745620483, 0.0, 13.135415648181114], [3.5749936315884816, 7.4150090420159485, 10.775332112563978, 24.80823626470971, 23.96036602990633, 18.345178907863236, 28.482080361406712, 22.017908962100705, 21.617228952998087, 13.135415648181114, 0.0]]