[[0.0, 0.08392146236202058, 1.6792584814422624, 1.7231261470691344, 1.5023979303693125, 0.17918919292806834, 1.8338858934243416, 0.06997631451896058, 0.7951243350583153, 1.5505485934294871, 0.057376158443097625], [0.08392146236202058, 0.0, 1.32796138183645, 1.3854639963634419, 1.1135176714331396, 0.4771234671838783, 1.5425788924443629, 0.29539218902617326, 1.204810708445617, 1.1695906233482989, 0.27035869540710167], [1.6792584814422624, 1.32796138183645, 0.0, 0.0018945774221481582, 0.024185961997820082, 1.97674599354887, 0.02850994674992058, 1.901434097068829, 1.8574951878162023, 0.013373926272198577, 1.8853023737682184], [1.7231261470691344, 1.3854639963634419, 0.0018945774221481582, 2.220446049250313e-16, 0.03948464942044139, 1.9880868366888624, 0.015763681395800644, 1.9263622826349376, 1.8242154747933803, 0.025272056633001472, 1.9122361040103841], [1.5023979303693125, 1.1135176714331396, 0.024185961997820082, 0.03948464942044139, 1.1102230246251565e-16, 1.9062541689855856, 0.10383266945224012, 1.7849955380981635, 1.9492249703556754, 0.001604259241274164, 1.7622369602617662], [0.17918919292806834, 0.4771234671838783, 1.97674599354887, 1.9880868366888624, 1.9062541689855856, 1.1102230246251565e-16, 1.9997289840960701, 0.026710688004194294, 0.27275197736631274, 1.9287359072597283, 0.035585166897726506], [1.8338858934243416, 1.5425788924443629, 0.02850994674992058, 0.015763681395800644, 0.10383266945224012, 1.9997289840960701, 0.0, 1.9783702049030685, 1.7110721230153991, 0.08014666786689706, 1.9703085464914802], [0.06997631451896058, 0.29539218902617326, 1.901434097068829, 1.9263622826349376, 1.7849955380981635, 0.026710688004194294, 1.9783702049030685, 0.0, 0.44975659349456254, 1.818813030815516, 0.0006453039392289028], [0.7951243350583153, 1.204810708445617, 1.8574951878162023, 1.8242154747933803, 1.9492249703556754, 0.27275197736631274, 1.7110721230153991, 0.44975659349456254, 1.1102230246251565e-16, 1.9298892892178596, 0.48010438389326404], [1.5505485934294871, 1.1695906233482989, 0.013373926272198577, 0.025272056633001472, 0.001604259241274164, 1.9287359072597283, 0.08014666786689706, 1.818813030815516, 1.9298892892178596, 0.0, 1.7976648408088278], [0.057376158443097625, 0.27035869540710167, 1.8853023737682184, 1.9122361040103841, 1.7622369602617662, 0.035585166897726506, 1.9703085464914802, 0.0006453039392289028, 0.48010438389326404, 1.7976648408088278, 0.0]]