[[0.0, 3.2023703206803606, 7.73644954877232, 11.885813363936808, 9.856897424017953, 3.104365603476878, 11.871218084787435, 1.8552780528886235, 6.428178726710071, 8.326520390156489, 3.354776711818165], [3.2023703206803606, 0.0, 4.63987661271551, 8.893770076384072, 7.118550912242025, 4.830884294060743, 8.746491570067485, 2.525479793797705, 6.081627745828522, 5.405678352272292, 6.2458376021334425], [7.73644954877232, 4.63987661271551, 0.0, 4.292450987207746, 3.0742722702971883, 9.32562050825753, 4.135744574498999, 7.100216080394091, 9.215999711815348, 1.2453054124437202, 10.885296335324671], [11.885813363936808, 8.893770076384072, 4.292450987207746, 0.0, 2.5375750303517393, 13.617996705701694, 1.4726671441936092, 11.382612554608025, 13.230983136111423, 3.5660548640329885, 15.118566407250611], [9.856897424017953, 7.118550912242025, 3.0742722702971883, 2.5375750303517393, 0.0, 11.947878587110358, 3.4964448207953804, 9.642874094373205, 12.250325654416576, 1.870869313221264, 13.177606026579234], [3.104365603476878, 4.830884294060743, 9.32562050825753, 13.617996705701694, 11.947878587110358, 0.0, 13.29422573432782, 2.3176450582115886, 4.080851645179975, 10.206221679103056, 2.459805958361654], [11.871218084787435, 8.746491570067485, 4.135744574498999, 1.4726671441936092, 3.4964448207953804, 13.29422573432782, 0.0, 11.146004815245561, 12.48671446074825, 3.830335252013407, 14.985940721197075], [1.8552780528886235, 2.525479793797705, 7.100216080394091, 11.382612554608025, 9.642874094373205, 2.3176450582115886, 11.146004815245561, 0.0, 4.688947568312198, 7.924771895515342, 3.9054517248645095], [6.428178726710071, 6.081627745828522, 9.215999711815348, 13.230983136111423, 12.250325654416576, 4.080851645179975, 12.48671446074825, 4.688947568312198, 0.0, 10.379497695113017, 6.4519082536135155], [8.326520390156489, 5.405678352272292, 1.2453054124437202, 3.5660548640329885, 1.870869313221264, 10.206221679103056, 3.830335252013407, 7.924771895515342, 10.379497695113017, 0.0, 11.585156935540807], [3.354776711818165, 6.2458376021334425, 10.885296335324671, 15.118566407250611, 13.177606026579234, 2.459805958361654, 14.985940721197075, 3.9054517248645095, 6.4519082536135155, 11.585156935540807, 0.0]]