[[0.0, 0.029546038399650865, 0.591718334461216, 1.9371208457658435, 1.992391976290059, 0.44953875559309586, 1.9998357683742674, 0.9852679826262907, 0.4165821997736603, 1.6586961517806185, 0.006828116317131094], [0.029546038399650865, 0.0, 0.3835217364565012, 1.8252224800440144, 1.9927775401381247, 0.6672432099467593, 1.9659217952299053, 1.2269634323338463, 0.6297859580413672, 1.4576882475122799, 0.008023888255809908], [0.591718334461216, 0.3835217364565012, 0.0, 1.064017910748432, 1.517564912018153, 1.5373643840976632, 1.3916710959481622, 1.9067421250551306, 1.5031974699935753, 0.5820924435160333, 0.48801213716162384], [1.9371208457658435, 1.8252224800440144, 1.064017910748432, 0.0, 0.11297776980363328, 1.8072193081618109, 0.056708106663024394, 1.3627728493971785, 1.830185173828938, 0.12012755161274014, 1.890007066678319], [1.992391976290059, 1.9927775401381247, 1.517564912018153, 0.11297776980363328, 0.0, 1.443486521706547, 0.010002259192690932, 0.8915147954761872, 1.4789857205150052, 0.43895069895102345, 1.999978841242763], [0.44953875559309586, 0.6672432099467593, 1.5373643840976632, 1.8072193081618109, 1.443486521706547, 0.0, 1.565500864285546, 0.15712047821784714, 0.0008004518781755676, 1.990743463698233, 0.5506924130831707], [1.9998357683742674, 1.9659217952299053, 1.3916710959481622, 0.056708106663024394, 0.010002259192690932, 1.565500864285546, 0.0, 1.0328504422105658, 1.5980408277379685, 0.32777625991945925, 1.9908945621319944], [0.9852679826262907, 1.2269634323338463, 1.9067421250551306, 1.3627728493971785, 0.8915147954761872, 0.15712047821784714, 1.0328504422105658, 0.0, 0.17932102486049573, 1.7620313209105072, 1.102016145195687], [0.4165821997736603, 0.6297859580413672, 1.5031974699935753, 1.830185173828938, 1.4789857205150052, 0.0008004518781755676, 1.5980408277379685, 0.17932102486049573, 0.0, 1.9953807683328786, 0.5153140398493712], [1.6586961517806185, 1.4576882475122799, 0.5820924435160333, 0.12012755161274014, 0.43895069895102345, 1.990743463698233, 0.32777625991945925, 1.7620313209105072, 1.9953807683328786, 1.1102230246251565e-16, 1.566422284286621], [0.006828116317131094, 0.008023888255809908, 0.48801213716162384, 1.890007066678319, 1.999978841242763, 0.5506924130831707, 1.9908945621319944, 1.102016145195687, 0.5153140398493712, 1.566422284286621, 2.220446049250313e-16]]