[[0.0, 2.035171246642043, 5.9683219562476815, 13.428464882806455, 14.56567974689885, 6.630966150731772, 17.759035493570885, 9.25530007421198, 6.976354165455758, 9.557955482656407, 5.067750405791193], [2.035171246642043, 0.0, 3.9752582993573284, 11.635164740628495, 13.089113852996348, 7.418780013036949, 16.15901553870079, 9.22188396097807, 7.993499292992853, 7.660549127151065, 6.519014501038458], [5.9683219562476815, 3.9752582993573284, 0.0, 7.8948698001494595, 9.94984394014361, 9.327485945317868, 12.706285932750594, 9.456848144790033, 10.183348450066413, 3.79600678262278, 10.287625114979297], [13.428464882806455, 11.635164740628495, 7.8948698001494595, 0.0, 3.7240100375241822, 13.770980415120926, 5.099188870362023, 11.372623944248133, 14.792346423420257, 4.124892645384459, 18.120012963952572], [14.56567974689885, 13.089113852996348, 9.94984394014361, 3.7240100375241822, 0.0, 13.118437578658302, 3.440807013854786, 9.885250398760789, 14.110368366042186, 6.705305000997872, 19.558677615848197], [6.630966150731772, 7.418780013036949, 9.327485945317868, 13.770980415120926, 13.118437578658302, 0.0, 16.555953836082306, 3.991008731677407, 1.0216140186961127, 11.246109290915248, 10.502644314095654], [17.759035493570885, 16.15901553870079, 12.706285932750594, 5.099188870362023, 3.440807013854786, 16.555953836082306, 0.0, 13.243283510553422, 17.544947493620754, 9.081440191029845, 22.67355424284448], [9.25530007421198, 9.22188396097807, 9.456848144790033, 11.372623944248133, 9.885250398760789, 3.991008731677407, 13.243283510553422, 0.0, 4.770727098337722, 9.95448537899387, 13.858004941367689], [6.976354165455758, 7.993499292992853, 10.183348450066413, 14.792346423420257, 14.110368366042186, 1.0216140186961127, 17.544947493620754, 4.770727098337722, 0.0, 12.229700613403818, 10.428614925013703], [9.557955482656407, 7.660549127151065, 3.79600678262278, 4.124892645384459, 6.705305000997872, 11.246109290915248, 9.081440191029845, 9.95448537899387, 12.229700613403818, 0.0, 14.074135853437467], [5.067750405791193, 6.519014501038458, 10.287625114979297, 18.120012963952572, 19.558677615848197, 10.502644314095654, 22.67355424284448, 13.858004941367689, 10.428614925013703, 14.074135853437467, 0.0]]