[[1.1102230246251565e-16, 0.12654681386838185, 0.10556234538802856, 0.7702048096812292, 1.904674894465865, 1.7233458289163952, 1.879162405997301, 1.98887135624837, 0.0033176758010173835, 1.058812657698807, 0.0586841731342963], [0.12654681386838185, 1.1102230246251565e-16, 0.4364923284465292, 0.32540666790234873, 1.9976639394889253, 1.2956055054580515, 1.5358846400876367, 1.9361716784170828, 0.08981515780642979, 0.565304788259104, 0.34214936151959796], [0.10556234538802856, 0.4364923284465292, 1.1102230246251565e-16, 1.2296878780682634, 1.6186253798389876, 1.955767989204344, 1.9994532209087148, 1.8179535288521285, 0.14492684519218735, 1.4990228495535445, 0.007112054616727148], [0.7702048096812292, 0.32540666790234873, 1.2296878780682634, 0.0, 1.622589508872339, 0.49421355497202824, 0.7382572402641683, 1.3720296840781316, 0.6917551976917694, 0.04196049610880803, 1.1121846490387277], [1.904674894465865, 1.9976639394889253, 1.6186253798389876, 1.622589508872339, 0.0, 0.6398249629632562, 0.40769116635313174, 0.0420003133201573, 1.9363539912381498, 1.3721585915964833, 1.7077636756488161], [1.7233458289163952, 1.2956055054580515, 1.955767989204344, 0.49421355497202824, 0.6398249629632562, 0.0, 0.03502962777608731, 0.3874297733832621, 1.6647472994301689, 0.2681673901899373, 1.9139545589000904], [1.879162405997301, 1.5358846400876367, 1.9994532209087148, 0.7382572402641683, 0.40769116635313174, 0.03502962777608731, 1.1102230246251565e-16, 0.20151518181743366, 1.837461446771745, 0.4725967049149954, 1.9884086429425354], [1.98887135624837, 1.9361716784170828, 1.8179535288521285, 1.3720296840781316, 0.0420003133201573, 0.3874297733832621, 0.20151518181743366, 1.1102230246251565e-16, 1.9976992572462287, 1.0903574452434404, 1.880625305544323], [0.0033176758010173835, 0.08981515780642979, 0.14492684519218735, 0.6917551976917694, 1.9363539912381498, 1.6647472994301689, 1.837461446771745, 1.9976992572462287, 0.0, 0.977368342565291, 0.08927850700930395], [1.058812657698807, 0.565304788259104, 1.4990228495535445, 0.04196049610880803, 1.3721585915964833, 0.2681673901899373, 0.4725967049149954, 1.0903574452434404, 0.977368342565291, 0.0, 1.392304095674228], [0.0586841731342963, 0.34214936151959796, 0.007112054616727148, 1.1121846490387277, 1.7077636756488161, 1.9139545589000904, 1.9884086429425354, 1.880625305544323, 0.08927850700930395, 1.392304095674228, 1.1102230246251565e-16]]