[[0.0, 2.48214220884906, 16.14094396655051, 6.181149462926183, 27.981662317467926, 10.646353929100663, 14.879461121931676, 24.747956978477944, 1.1627831797872636, 22.522841551842845, 16.752349392234382], [2.48214220884906, 0.0, 18.024923228699972, 4.059135844302611, 28.46324453933076, 9.345906371662961, 13.737375785817123, 24.63943649876335, 2.2006814862006054, 20.046209353864928, 18.37308262465613], [16.14094396655051, 18.024923228699972, 0.0, 22.0830313055668, 39.469549281185124, 26.7063225026693, 30.760369571475746, 38.393294288300616, 17.244319592174367, 36.41872634156892, 2.6418551214824366], [6.181149462926183, 4.059135844302611, 22.0830313055668, 0.0, 26.94824167014088, 5.934147916343582, 10.31762379189887, 22.307020343713443, 5.3105216980001915, 16.89999735394553, 22.408646070885954], [27.981662317467926, 28.46324453933076, 39.469549281185124, 26.94824167014088, 0.0, 21.995998896400202, 19.24914700198793, 7.217708653717239, 27.052767588051605, 37.447953374647234, 41.36433733399567], [10.646353929100663, 9.345906371662961, 26.7063225026693, 5.934147916343582, 21.995998896400202, 0.0, 4.417630878357825, 16.715708254737528, 9.503098604003878, 17.47777641353286, 27.398683341446315], [14.879461121931676, 13.737375785817123, 30.760369571475746, 10.31762379189887, 19.24914700198793, 4.417630878357825, 0.0, 13.186556484336995, 13.720023494304925, 18.46858489275195, 31.590098260282822], [24.747956978477944, 24.63943649876335, 38.393294288300616, 22.307020343713443, 7.217708653717239, 16.715708254737528, 13.186556484336995, 0.0, 23.675222366811337, 30.751914847038893, 39.93017073599347], [1.1627831797872636, 2.2006814862006054, 17.244319592174367, 5.3105216980001915, 27.052767588051605, 9.503098604003878, 13.720023494304925, 23.675222366811337, 0.0, 21.943848726318777, 17.89837420803676], [22.522841551842845, 20.046209353864928, 36.41872634156892, 16.89999735394553, 37.447953374647234, 17.47777641353286, 18.46858489275195, 30.751914847038893, 21.943848726318777, 0.0, 35.8500490824753], [16.752349392234382, 18.37308262465613, 2.6418551214824366, 22.408646070885954, 41.36433733399567, 27.398683341446315, 31.590098260282822, 39.93017073599347, 17.89837420803676, 35.8500490824753, 0.0]]