[[0.0, 0.26426614178173147, 0.5931091064030258, 1.594002937535335, 1.6572147180280776, 0.9338013781619372, 1.8452613340811914, 1.5695076941976316, 1.1054162475064504, 0.8186404866060493, 0.13066358937857403], [0.26426614178173147, 0.0, 0.6884903325605964, 1.565549527531883, 1.614819534861549, 0.7728091635708854, 1.7993006249306838, 1.4032607004296942, 0.9399158571373162, 0.9149472189768216, 0.29723351093169426], [0.5931091064030258, 0.6884903325605964, 1.1102230246251565e-16, 1.0787163653195306, 1.0303521838007161, 1.5578701757216684, 1.3232625277999968, 1.7406532603791112, 1.578676172891032, 0.6332169143606953, 0.6744762888493122], [1.594002937535335, 1.565549527531883, 1.0787163653195306, 0.0, 0.5222858987827467, 1.507957508985204, 0.2884973500861303, 1.0179668049539772, 1.2658263008401522, 0.8910056433215992, 1.6758108303698651], [1.6572147180280776, 1.614819534861549, 1.0303521838007161, 0.5222858987827467, 0.0, 1.4737364794931147, 0.3111846341171661, 0.9013655403276404, 1.3250708923357593, 0.9655149297913567, 1.7280918712045643], [0.9338013781619372, 0.7728091635708854, 1.5578701757216684, 1.507957508985204, 1.4737364794931147, 1.1102230246251565e-16, 1.322523005493263, 0.41235961535028054, 0.1680354666246291, 1.6094231544232378, 0.7467829291235152], [1.8452613340811914, 1.7993006249306838, 1.3232625277999968, 0.2884973500861303, 0.3111846341171661, 1.322523005493263, 0.0, 0.6066060022383831, 1.0735604296974957, 1.1663675246371015, 1.9178341024357417], [1.5695076941976316, 1.4032607004296942, 1.7406532603791112, 1.0179668049539772, 0.9013655403276404, 0.41235961535028054, 0.6066060022383831, 1.1102230246251565e-16, 0.34622455611640346, 1.5395653757855792, 1.487049089706211], [1.1054162475064504, 0.9399158571373162, 1.578676172891032, 1.2658263008401522, 1.3250708923357593, 0.1680354666246291, 1.0735604296974957, 0.34622455611640346, 0.0, 1.7300923858649884, 0.9755104106785497], [0.8186404866060493, 0.9149472189768216, 0.6332169143606953, 0.8910056433215992, 0.9655149297913567, 1.6094231544232378, 1.1663675246371015, 1.5395653757855792, 1.7300923858649884, 2.220446049250313e-16, 0.8676565507691564], [0.13066358937857403, 0.29723351093169426, 0.6744762888493122, 1.6758108303698651, 1.7280918712045643, 0.7467829291235152, 1.9178341024357417, 1.487049089706211, 0.9755104106785497, 0.8676565507691564, 0.0]]