[[0.0, 1.471551321369684, 2.246021183682536, 3.8381343063131106, 3.626184854730321, 3.1133949012853224, 5.1945099074023435, 3.627360198155328, 3.738133458916727, 2.727571192635139, 2.348901866320477], [1.471551321369684, 0.0, 2.034727340176099, 3.1900252830427016, 2.9415823756752637, 2.4961007404031195, 4.481666682997101, 2.84423179213985, 3.1012568361404895, 2.448747573156339, 3.1273489212609062], [2.246021183682536, 2.034727340176099, 0.0, 3.002462381304629, 2.7045061635806067, 3.8319146865080955, 4.283009042934958, 3.6180853724444075, 4.263883794980322, 2.2811501558551592, 3.8122698056607764], [3.8381343063131106, 3.1900252830427016, 3.002462381304629, 0.0, 2.039031040063524, 3.9298334777822364, 2.280016173223836, 2.904645195359254, 3.9727497084889243, 2.82751909093458, 5.639877183065702], [3.626184854730321, 2.9415823756752637, 2.7045061635806067, 2.039031040063524, 0.0, 3.621263902555521, 2.3817767261795826, 2.5172683429744893, 3.827863665263485, 2.7293450979971086, 5.439850991600118], [3.1133949012853224, 2.4961007404031195, 3.8319146865080955, 3.9298334777822364, 3.621263902555521, 0.0, 4.599369093016389, 2.0021932714705613, 1.5701688565635905, 4.027032589099868, 4.083204479179788], [5.1945099074023435, 4.481666682997101, 4.283009042934958, 2.280016173223836, 2.3817767261795826, 4.599369093016389, 0.0, 3.046839231816645, 4.45249669973232, 4.1402978183021855, 7.059914613450096], [3.627360198155328, 2.84423179213985, 3.6180853724444075, 2.904645195359254, 2.5172683429744893, 2.0021932714705613, 3.046839231816645, 0.0, 2.1424556847969614, 3.5365152335744985, 5.1930488750389525], [3.738133458916727, 3.1012568361404895, 4.263883794980322, 3.9727497084889243, 3.827863665263485, 1.5701688565635905, 4.45249669973232, 2.1424556847969614, 0.0, 4.592272654831636, 4.819808827377572], [2.727571192635139, 2.448747573156339, 2.2811501558551592, 2.82751909093458, 2.7293450979971086, 4.027032589099868, 4.1402978183021855, 3.5365152335744985, 4.592272654831636, 0.0, 4.239933572596189], [2.348901866320477, 3.1273489212609062, 3.8122698056607764, 5.639877183065702, 5.439850991600118, 4.083204479179788, 7.059914613450096, 5.1930488750389525, 4.819808827377572, 4.239933572596189, 0.0]]