[[0.0, 1.6659801440481716, 6.605210237222746, 11.615577587567506, 8.348390139125103, 4.251802622849137, 7.926600431206313, 4.981487768317561, 4.383554699939559, 11.192844372102225, 1.3058072815567119], [1.6659801440481716, 0.0, 4.941808818958665, 10.05177825252419, 6.942641827014749, 5.690463377702003, 6.406542017512935, 6.647181491164861, 5.743709446880868, 9.586531769534139, 2.281150717773669], [6.605210237222746, 4.941808818958665, 0.0, 5.568484123013537, 3.8230668091614044, 10.436963149423422, 2.7085019419212633, 11.585685498225507, 10.403641012869853, 4.897790503803312, 7.001110235392518], [11.615577587567506, 10.05177825252419, 5.568484123013537, 0.0, 3.7347583984724593, 15.733430404135115, 3.7199352160122805, 16.43536386951808, 15.756302283055737, 0.9895686777595684, 12.287955808345696], [8.348390139125103, 6.942641827014749, 3.8230668091614044, 3.7347583984724593, 0.0, 12.583212656125596, 1.1687080882267558, 12.959065156268538, 12.67004603884339, 3.806891303392888, 9.223112696658607], [4.251802622849137, 5.690463377702003, 10.436963149423422, 15.733430404135115, 12.583212656125596, 0.0, 12.09622091594827, 2.811273099608366, 0.4423040879111372, 15.232086122399393, 3.4521105136473627], [7.926600431206313, 6.406542017512935, 2.7085019419212633, 3.7199352160122805, 1.1687080882267558, 12.09622091594827, 0.0, 12.715996976100733, 12.145835293550366, 3.4826992800674885, 8.67397782009212], [4.981487768317561, 6.647181491164861, 11.585685498225507, 16.43536386951808, 12.959065156268538, 2.811273099608366, 12.715996976100733, 0.0, 3.2456127476917147, 16.086028002108957, 4.907558324994821], [4.383554699939559, 5.743709446880868, 10.403641012869853, 15.756302283055737, 12.67004603884339, 0.4423040879111372, 12.145835293550366, 3.2456127476917147, 0.0, 15.23080428573887, 3.472822962146607], [11.192844372102225, 9.586531769534139, 4.897790503803312, 0.9895686777595684, 3.806891303392888, 15.232086122399393, 3.4826992800674885, 16.086028002108957, 15.23080428573887, 0.0, 11.779975841604191], [1.3058072815567119, 2.281150717773669, 7.001110235392518, 12.287955808345696, 9.223112696658607, 3.4521105136473627, 8.67397782009212, 4.907558324994821, 3.472822962146607, 11.779975841604191, 0.0]]