[[0.0, 6.35493137739968, 14.852006990874695, 25.846880301319146, 27.83712272086618, 0.4522976440933579, 37.86906410535278, 9.683926423054206, 3.251433084399284, 10.853079665962449, 15.651817906602895], [6.35493137739968, 0.0, 8.50432011108521, 19.502874333592718, 21.49043781723201, 6.750543398466766, 31.529278393927026, 3.3546514767092166, 9.599587851817963, 4.536403281107318, 21.984079999132035], [14.852006990874695, 8.50432011108521, 0.0, 10.998700549785895, 12.986302610801788, 15.237310774847957, 23.025878323577576, 5.171944205843185, 18.10094429799001, 4.023087941846095, 30.488196950859496], [25.846880301319146, 19.502874333592718, 10.998700549785895, 0.0, 1.9971192137263227, 26.227849931168887, 12.028108303264036, 16.162980622547977, 29.097144448760773, 14.997493176875363, 41.48688225801601], [27.83712272086618, 21.49043781723201, 12.986302610801788, 1.9971192137263227, 0.0, 28.21949966025723, 10.049403407001368, 18.15367527440261, 31.086810681223092, 16.990073942597228, 43.4735615517491], [0.4522976440933579, 6.750543398466766, 15.237310774847957, 26.227849931168887, 28.21949966025723, 0.0, 38.24671139204585, 10.066302554499137, 2.890138979507608, 11.230797162244727, 15.286824550976208], [37.86906410535278, 31.529278393927026, 23.025878323577576, 12.028108303264036, 10.049403407001368, 38.24671139204585, 0.0, 28.1858154274434, 41.12009517505434, 27.016447699015355, 53.51323127683336], [9.683926423054206, 3.3546514767092166, 5.171944205843185, 16.162980622547977, 18.15367527440261, 10.066302554499137, 28.1858154274434, 0.0, 12.934498793540284, 1.1836437657075825, 25.329030123464726], [3.251433084399284, 9.599587851817963, 18.10094429799001, 29.097144448760773, 31.086810681223092, 2.890138979507608, 41.12009517505434, 12.934498793540284, 0.0, 14.104420605854097, 12.40127126155689], [10.853079665962449, 4.536403281107318, 4.023087941846095, 14.997493176875363, 16.990073942597228, 11.230797162244727, 27.016447699015355, 1.1836437657075825, 14.104420605854097, 0.0, 26.502133865337843], [15.651817906602895, 21.984079999132035, 30.488196950859496, 41.48688225801601, 43.4735615517491, 15.286824550976208, 53.51323127683336, 25.329030123464726, 12.40127126155689, 26.502133865337843, 0.0]]