[[0.0, 0.1766753266872061, 0.7200084814046295, 1.6474482743137449, 1.7648819066443844, 0.6487765206222145, 1.8769548240476412, 1.3015398200650372, 0.9226674771953479, 0.949274082628693, 0.0985585879545342], [0.1766753266872061, 2.220446049250313e-16, 0.694357408795771, 1.5740762037937788, 1.6872035414547915, 0.72672755349223, 1.8295295343751592, 1.3291640393262572, 1.0162286442989237, 0.861909459699566, 0.20559355757996445], [0.7200084814046295, 0.694357408795771, 0.0, 0.9740216385268204, 0.9865547309354837, 1.5479631690989413, 1.2662766053920937, 1.6687940339187954, 1.5478666492489541, 0.5540933714761495, 0.78845853429734], [1.6474482743137449, 1.5740762037937788, 0.9740216385268204, 0.0, 0.537781627848223, 1.4878030729746738, 0.3302809467293699, 1.1973311500984687, 1.18974417369608, 0.9404884378241671, 1.6736698070463683], [1.7648819066443844, 1.6872035414547915, 0.9865547309354837, 0.537781627848223, 0.0, 1.6242863206107885, 0.2891129268969481, 0.9852773876140614, 1.4056096679350079, 0.8942438014243771, 1.787179448459392], [0.6487765206222145, 0.72672755349223, 1.5479631690989413, 1.4878030729746738, 1.6242863206107885, 1.1102230246251565e-16, 1.3983288179584843, 0.48061909315975193, 0.19368253704229055, 1.502039604264975, 0.5687593984919188], [1.8769548240476412, 1.8295295343751592, 1.2662766053920937, 0.3302809467293699, 0.2891129268969481, 1.3983288179584843, 2.220446049250313e-16, 0.715746002792703, 1.0608516754057864, 1.2195211826114203, 1.930443442929792], [1.3015398200650372, 1.3291640393262572, 1.6687940339187954, 1.1973311500984687, 0.9852773876140614, 0.48061909315975193, 0.715746002792703, 0.0, 0.3773983993723048, 1.5875998117641585, 1.2608249817402495], [0.9226674771953479, 1.0162286442989237, 1.5478666492489541, 1.18974417369608, 1.4056096679350079, 0.19368253704229055, 1.0608516754057864, 0.3773983993723048, 1.1102230246251565e-16, 1.7501217510852358, 0.8762962589120344], [0.949274082628693, 0.861909459699566, 0.5540933714761495, 0.9404884378241671, 0.8942438014243771, 1.502039604264975, 1.2195211826114203, 1.5875998117641585, 1.7501217510852358, 0.0, 0.919038648484277], [0.0985585879545342, 0.20559355757996445, 0.78845853429734, 1.6736698070463683, 1.787179448459392, 0.5687593984919188, 1.930443442929792, 1.2608249817402495, 0.8762962589120344, 0.919038648484277, 0.0]]