[[0.0, 1.2459642288585226, 2.2513705776308868, 3.623831217377382, 3.759963769896019, 2.2651379772040334, 5.090113877452859, 3.2174747134524466, 3.221719097165407, 2.900576681167109, 1.7994995641737481], [1.2459642288585226, 0.0, 1.7697808251046296, 2.9617218408106734, 3.0747541288615254, 2.000824555308869, 4.416411836295816, 2.7185821761601705, 2.995989857493477, 2.373662842770011, 2.4645009838706873], [2.2513705776308868, 1.7697808251046296, 0.0, 2.3656312596820728, 2.3887747329511217, 2.933459786824447, 3.808104338768979, 3.0764134687682887, 3.643273219258603, 1.947340552778215, 3.482873897887794], [3.623831217377382, 2.9617218408106734, 2.3656312596820728, 0.0, 1.9256098240312087, 3.1572967094311206, 2.32046612895918, 2.8586848966129565, 3.449204251686407, 2.694005086857983, 4.91286305669251], [3.759963769896019, 3.0747541288615254, 2.3887747329511217, 1.9256098240312087, 0.0, 3.3086149985135824, 2.214277860801192, 2.600779294433734, 3.744537955484388, 2.6340689384818834, 5.0688967712298485], [2.2651379772040334, 2.000824555308869, 2.933459786824447, 3.1572967094311206, 3.3086149985135824, 0.0, 4.173945580527996, 1.79076074138632, 1.5499791104688, 3.3646158572485705, 3.1474636557220115], [5.090113877452859, 4.416411836295816, 3.808104338768979, 2.32046612895918, 2.214277860801192, 4.173945580527996, 0.0, 3.1315669249838627, 4.159367429783709, 4.096311221468453, 6.465422602822882], [3.2174747134524466, 2.7185821761601705, 3.0764134687682887, 2.8586848966129565, 2.600779294433734, 1.79076074138632, 3.1315669249838627, 0.0, 2.0328727779979285, 3.488418429370363, 4.334231850595871], [3.221719097165407, 2.995989857493477, 3.643273219258603, 3.449204251686407, 3.744537955484388, 1.5499791104688, 4.159367429783709, 2.0328727779979285, 0.0, 4.353972940423481, 4.0609031755504725], [2.900576681167109, 2.373662842770011, 1.947340552778215, 2.694005086857983, 2.6340689384818834, 3.3646158572485705, 4.096311221468453, 3.488418429370363, 4.353972940423481, 0.0, 3.895203285917575], [1.7994995641737481, 2.4645009838706873, 3.482873897887794, 4.91286305669251, 5.0688967712298485, 3.1474636557220115, 6.465422602822882, 4.334231850595871, 4.0609031755504725, 3.895203285917575, 0.0]]