[[0.0, 0.15451452213904804, 0.8587653786049483, 0.9984062293559886, 1.9968799257918362, 0.05433676258922371, 1.9903992997614195, 1.381520310038055, 1.9692881645571956, 0.03375428349489962, 1.2268221959742223], [0.15451452213904804, 0.0, 1.4092338742864974, 1.5326502263943533, 1.8849975805869632, 0.026827097547964418, 1.7635503521495322, 1.8161768997283185, 1.6881940429334394, 0.045483414264353206, 0.6716944943889704], [0.8587653786049483, 1.4092338742864974, 0.0, 0.009800009632621398, 1.0626522022340836, 1.1883281018239142, 1.2767291400224348, 0.1387890689412964, 1.3803596461880758, 1.1185725197424623, 1.9962087432580473], [0.9984062293559886, 1.5326502263943533, 0.009800009632621398, 0.0, 0.9226559294757667, 1.3236401391810215, 1.1398144215732442, 0.07624877363440119, 1.2474722522013713, 1.2560819325238088, 1.9742964500731852], [1.9968799257918362, 1.8849975805869632, 1.0626522022340836, 0.9226559294757667, 1.1102230246251565e-16, 1.968377572943842, 0.023602207504027084, 0.5467075466506142, 0.0531478931777305, 1.9835658458902432, 0.8507611805073129], [0.05433676258922371, 0.026827097547964418, 1.1883281018239142, 1.3236401391810215, 1.968377572943842, 0.0, 1.89163704602479, 1.661343428585631, 1.836657338638224, 0.0024916650327072576, 0.8978242799776024], [1.9903992997614195, 1.7635503521495322, 1.2767291400224348, 1.1398144215732442, 0.023602207504027084, 1.89163704602479, 1.1102230246251565e-16, 0.7499225622631045, 0.006021581846511803, 1.9213563809890426, 0.6407222890614096], [1.381520310038055, 1.8161768997283185, 0.1387890689412964, 0.07624877363440119, 0.5467075466506142, 1.661343428585631, 0.7499225622631045, 2.220446049250313e-16, 0.8575227582916013, 1.6067781708799518, 1.8137308212738987], [1.9692881645571956, 1.6881940429334394, 1.3803596461880758, 1.2474722522013713, 0.0531478931777305, 1.836657338638224, 0.006021581846511803, 0.8575227582916013, 2.220446049250313e-16, 1.8732140829445907, 0.5406260037524016], [0.03375428349489962, 0.045483414264353206, 1.1185725197424623, 1.2560819325238088, 1.9835658458902432, 0.0024916650327072576, 1.9213563809890426, 1.6067781708799518, 1.8732140829445907, 0.0, 0.9682583598711646], [1.2268221959742223, 0.6716944943889704, 1.9962087432580473, 1.9742964500731852, 0.8507611805073129, 0.8978242799776024, 0.6407222890614096, 1.8137308212738987, 0.5406260037524016, 0.9682583598711646, 0.0]]