[[0.0, 0.26638500217592953, 1.7282429157687633, 1.9468786295543226, 1.9725530527318256, 0.23220758743013326, 1.9913671791969008, 0.501424738941146, 0.06416092050914923, 1.9202885801487537, 9.796480934654017e-05], [0.26638500217592953, 0.0, 1.9999690174762397, 1.9131865518261304, 1.5553574022383425, 0.0013393556176556354, 1.6381806935579575, 0.04515894191158276, 0.07395683424848021, 1.9410108100765613, 0.275968843931479], [1.7282429157687633, 1.9999690174762397, 0.0, 0.09004979885827535, 0.4512060251392671, 1.9982224285807355, 0.36789941623735833, 1.9571502992023604, 1.9230435461374065, 0.06168195227466422, 1.7185790640509806], [1.9468786295543226, 1.9131865518261304, 0.09004979885827535, 2.220446049250313e-16, 0.15393852345221426, 1.9330492490364146, 0.10346099283546106, 1.7508603864873975, 1.9994636203363219, 0.0027790143189243555, 1.942284511496927], [1.9725530527318256, 1.5553574022383425, 0.4512060251392671, 0.15393852345221426, 0.0, 1.5976402888443566, 0.005334846809577076, 1.2831919928534894, 1.8281498611755986, 0.19600479745513677, 1.9757146494307203], [0.23220758743013326, 0.0013393556176556354, 1.9982224285807355, 1.9330492490364146, 1.5976402888443566, 0.0, 1.677159056026704, 0.06181033436761463, 0.05566995010002007, 1.9572577015595032, 0.24125075546520602], [1.9913671791969008, 1.6381806935579575, 0.36789941623735833, 0.10346099283546106, 0.005334846809577076, 1.677159056026704, 1.1102230246251565e-16, 1.3806146722897534, 1.8815516394629932, 0.1389535303616346, 1.9931052940961922], [0.501424738941146, 0.04515894191158276, 1.9571502992023604, 1.7508603864873975, 1.2831919928534894, 0.06181033436761463, 1.3806146722897534, 0.0, 0.22791317966015456, 1.797978323232932, 0.513606955308261], [0.06416092050914923, 0.07395683424848021, 1.9230435461374065, 1.9994636203363219, 1.8281498611755986, 0.05566995010002007, 1.8815516394629932, 0.22791317966015456, 2.220446049250313e-16, 1.9991258805054675, 0.06918557951971582], [1.9202885801487537, 1.9410108100765613, 0.06168195227466422, 0.0027790143189243555, 0.19600479745513677, 1.9572577015595032, 0.1389535303616346, 1.797978323232932, 1.9991258805054675, 0.0, 1.9147221784661623], [9.796480934654017e-05, 0.275968843931479, 1.7185790640509806, 1.942284511496927, 1.9757146494307203, 0.24125075546520602, 1.9931052940961922, 0.513606955308261, 0.06918557951971582, 1.9147221784661623, 0.0]]