[[0.0, 2.626902762673844, 5.623429105961316, 11.842931894940367, 11.100850829177416, 3.8646983390668987, 10.725530969173281, 7.0687620768174435, 3.5102600443067327, 12.170410205045904, 1.535844151523078], [2.626902762673844, 0.0, 3.7150161687812484, 9.566876119869255, 8.479310343941437, 4.873177475523936, 8.128503616158289, 7.281471078934122, 5.526427749993927, 9.981237336524094, 4.146942361746092], [5.623429105961316, 3.7150161687812484, 0.0, 6.2898455480076745, 6.835741906830397, 8.583473571586524, 6.159823652944782, 10.862440032435739, 9.01590901362813, 6.563605882457806, 7.063996297833857], [11.842931894940367, 9.566876119869255, 6.2898455480076745, 0.0, 4.710863353582138, 14.272795547541293, 3.900737079483341, 15.789167811209346, 15.08648459624539, 0.7755840515394444, 13.32430452038827], [11.100850829177416, 8.479310343941437, 6.835741906830397, 4.710863353582138, 0.0, 12.288077045844418, 0.9043810026249745, 12.871355757517309, 13.665355752799686, 5.485703368549933, 12.626193214057475], [3.8646983390668987, 4.873177475523936, 8.583473571586524, 14.272795547541293, 12.288077045844418, 0.0, 12.186576888245805, 3.366658106816219, 2.08912385561285, 14.747948554201932, 3.7512407385154325], [10.725530969173281, 8.128503616158289, 6.159823652944782, 3.900737079483341, 0.9043810026249745, 12.186576888245805, 0.0, 13.006463196155124, 13.452028174317848, 4.675620624664661, 12.259736130986727], [7.0687620768174435, 7.281471078934122, 10.862440032435739, 15.789167811209346, 12.871355757517309, 3.366658106816219, 13.006463196155124, 0.0, 5.145492549040165, 16.374217456672564, 7.117510755774338], [3.5102600443067327, 5.526427749993927, 9.01590901362813, 15.08648459624539, 13.665355752799686, 2.08912385561285, 13.452028174317848, 5.145492549040165, 0.0, 15.477849585703126, 2.57704294344236], [12.170410205045904, 9.981237336524094, 6.563605882457806, 0.7755840515394444, 5.485703368549933, 14.747948554201932, 4.675620624664661, 16.374217456672564, 15.477849585703126, 0.0, 13.626903003608547], [1.535844151523078, 4.146942361746092, 7.063996297833857, 13.32430452038827, 12.626193214057475, 3.7512407385154325, 12.259736130986727, 7.117510755774338, 2.57704294344236, 13.626903003608547, 0.0]]