[[0.0, 0.6256841619147442, 1.793913269409399, 1.6706733113737018, 1.9193334903362773, 0.6172244160140506, 1.9556128670830892, 0.7088293192256251, 0.5911439018201613, 1.7023029553236504, 0.049695005404504], [0.6256841619147442, 1.1102230246251565e-16, 0.7333463716106806, 0.563215267760204, 0.9792472602218343, 1.7134003037980414, 1.084494645202306, 1.7781325526472442, 1.6932127787242583, 0.6027575655560302, 0.3555979474588854], [1.793913269409399, 0.7333463716106806, 2.220446049250313e-16, 0.016534809312637844, 0.030881343159288033, 1.8656148172740283, 0.06218496262408468, 1.8128499844296433, 1.879484700750615, 0.009588342348218148, 1.5651672598114534], [1.6706733113737018, 0.563215267760204, 0.016534809312637844, 1.1102230246251565e-16, 0.09156319105790722, 1.9419793394740585, 0.1405568184129552, 1.9048939477200857, 1.9511316949551443, 0.0009464651919868228, 1.4064213688805924], [1.9193334903362773, 0.9792472602218343, 0.030881343159288033, 0.09156319105790722, 0.0, 1.7154108334753557, 0.005544153192892143, 1.6441132098610525, 1.7349638367920055, 0.07424006399860228, 1.7511490684778803], [0.6172244160140506, 1.7134003037980414, 1.8656148172740283, 1.9419793394740585, 1.7154108334753557, 0.0, 1.637972280125087, 0.004734625874475484, 0.00040329340394351654, 1.926486937699596, 0.9238571496925957], [1.9556128670830892, 1.084494645202306, 0.06218496262408468, 0.1405568184129552, 0.005544153192892143, 1.637972280125087, 0.0, 1.560105934164016, 1.6595828333680873, 0.11913295680707614, 1.8164008121484216], [0.7088293192256251, 1.7781325526472442, 1.8128499844296433, 1.9048939477200857, 1.6441132098610525, 0.004734625874475484, 1.560105934164016, 1.1102230246251565e-16, 0.007896110567847225, 1.8855233370285929, 1.0211303236119895], [0.5911439018201613, 1.6932127787242583, 1.879484700750615, 1.9511316949551443, 1.7349638367920055, 0.00040329340394351654, 1.6595828333680873, 0.007896110567847225, 0.0, 1.9368000762640016, 0.8955726897617833], [1.7023029553236504, 0.6027575655560302, 0.009588342348218148, 0.0009464651919868228, 0.07424006399860228, 1.926486937699596, 0.11913295680707614, 1.8855233370285929, 1.9368000762640016, 0.0, 1.445779773476082], [0.049695005404504, 0.3555979474588854, 1.5651672598114534, 1.4064213688805924, 1.7511490684778803, 0.9238571496925957, 1.8164008121484216, 1.0211303236119895, 0.8955726897617833, 1.445779773476082, 0.0]]