[[0.0, 4.019145280619672, 8.26314657393754, 12.725782530298444, 10.729533562999771, 5.995994757929614, 13.297427151009671, 6.716200293508579, 6.903139205007603, 11.617935500369837, 4.712893084971198], [4.019145280619672, 0.0, 4.371148774963075, 9.228756347393583, 6.738189264353981, 6.666413422107574, 9.285356053377642, 7.131029141031698, 7.934996500446848, 8.013763546999758, 8.121170145655565], [8.26314657393754, 4.371148774963075, 0.0, 5.140025071604336, 2.603921893223419, 10.316377912313442, 5.221500180190124, 10.584744987776158, 11.612921396892864, 3.8487231108147895, 11.688547667981736], [12.725782530298444, 9.228756347393583, 5.140025071604336, 0.0, 4.40941968506634, 15.454020236298664, 4.967570960732376, 15.723212032218674, 16.751239608932632, 1.3037999469681945, 15.137820284145874], [10.729533562999771, 6.738189264353981, 2.603921893223419, 4.40941968506634, 0.0, 11.938091311732599, 2.6200959419192014, 12.071274508089148, 13.202768100856673, 3.256433181357231, 14.29051578132322], [5.995994757929614, 6.666413422107574, 10.316377912313442, 15.454020236298664, 11.938091311732599, 0.0, 13.973130749463746, 0.7524276421701801, 1.298385947048003, 14.16508646817321, 10.146306663589021], [13.297427151009671, 9.285356053377642, 5.221500180190124, 4.967570960732376, 2.6200959419192014, 13.973130749463746, 0.0, 14.007749648149812, 15.191671417607242, 4.359547778290795, 16.909801061630382], [6.716200293508579, 7.131029141031698, 10.584744987776158, 15.723212032218674, 12.071274508089148, 0.7524276421701801, 14.007749648149812, 0.0, 1.230389079869284, 14.426454292181262, 10.898531094847993], [6.903139205007603, 7.934996500446848, 11.612921396892864, 16.751239608932632, 13.202768100856673, 1.298385947048003, 15.191671417607242, 1.230389079869284, 0.0, 15.461512968268478, 10.731779157928486], [11.617935500369837, 8.013763546999758, 3.8487231108147895, 1.3037999469681945, 3.256433181357231, 14.16508646817321, 4.359547778290795, 14.426454292181262, 15.461512968268478, 0.0, 14.28069980743093], [4.712893084971198, 8.121170145655565, 11.688547667981736, 15.137820284145874, 14.29051578132322, 10.146306663589021, 16.909801061630382, 10.898531094847993, 10.731779157928486, 14.28069980743093, 0.0]]