[[0.0, 0.00821198634316167, 1.999046599353064, 1.9553364987165351, 1.969866354292931, 0.09721244770472448, 1.9558422178715422, 0.00039719899147072635, 0.08018675813920151, 1.6359816601507498, 0.03032482219305721], [0.00821198634316167, 0.0, 1.9852590924057638, 1.9852861538104083, 1.9930612824495924, 0.049621179003208615, 1.9855779971045964, 0.012210229114105298, 0.0375607338686611, 1.729454297153087, 0.0070311549543357055], [1.999046599353064, 1.9852590924057638, 0.0, 0.058475704150097285, 0.04169468603065174, 1.8831507392241433, 0.05789887764096302, 1.9998801189753654, 1.901807370592977, 0.39831460891145754, 1.9580811507886162], [1.9553364987165351, 1.9852861538104083, 0.058475704150097285, 0.0, 0.001451461876199156, 1.9895652190679876, 1.4724055963366567e-06, 1.9466286113049125, 1.9946804150926267, 0.16436935529580488, 1.9985904279057296], [1.969866354292931, 1.9930612824495924, 0.04169468603065174, 0.001451461876199156, 1.1102230246251565e-16, 1.9803685597411356, 0.0013605072988986944, 1.9626148657409834, 1.987688683988507, 0.19516667377951114, 1.9999996930997963], [0.09721244770472448, 0.049621179003208615, 1.8831507392241433, 1.9895652190679876, 1.9803685597411356, 2.220446049250313e-16, 1.9893165046109302, 0.10969185470718312, 0.000856725045008333, 1.9060560857944935, 0.01947726455426213], [1.9558422178715422, 1.9855779971045964, 0.05789887764096302, 1.4724055963366567e-06, 0.0013605072988986944, 1.9893165046109302, 0.0, 1.947180343862141, 1.994502182334893, 0.1653131948158275, 1.9986800399022404], [0.00039719899147072635, 0.012210229114105298, 1.9998801189753654, 1.9466286113049125, 1.9626148657409834, 0.10969185470718312, 1.947180343862141, 0.0, 0.09160960214440306, 1.613980675293222, 0.03759764687939671], [0.08018675813920151, 0.0375607338686611, 1.901807370592977, 1.9946804150926267, 1.987688683988507, 0.000856725045008333, 1.994502182334893, 0.09160960214440306, 0.0, 1.8877674776477305, 0.012189061610309526], [1.6359816601507498, 1.729454297153087, 0.39831460891145754, 0.16436935529580488, 0.19516667377951114, 1.9060560857944935, 0.1653131948158275, 1.613980675293222, 1.8877674776477305, 0.0, 1.8052980599244353], [0.03032482219305721, 0.0070311549543357055, 1.9580811507886162, 1.9985904279057296, 1.9999996930997963, 0.01947726455426213, 1.9986800399022404, 0.03759764687939671, 0.012189061610309526, 1.8052980599244353, 0.0]]