[[0.0, 3.7104841401251827, 9.168546659707808, 12.846819363495182, 15.73863596346641, 2.6141125589785763, 18.635452956990473, 3.880059312911187, 4.275287286930454, 6.265089398734516, 7.229027533960962], [3.7104841401251827, 0.0, 5.463865794028447, 9.278721977437435, 12.147195639332677, 4.434534287358294, 15.095612438114987, 0.3224708051875962, 7.035630699438825, 2.7398518832013767, 10.643271887687595], [9.168546659707808, 5.463865794028447, 0.0, 4.22544237803744, 6.913170503276849, 9.521075261588932, 9.930295855320892, 5.2913416669941595, 12.17598597716042, 3.1536303891808917, 15.99003953134538], [12.846819363495182, 9.278721977437435, 4.22544237803744, 0.0, 2.8973824335924694, 13.577483179957028, 5.818350305775079, 9.039941804705258, 16.231281485923212, 6.586980331465561, 19.92199158159669], [15.73863596346641, 12.147195639332677, 6.913170503276849, 2.8973824335924694, 0.0, 16.39505674875123, 3.023547167802747, 11.916374538556571, 19.052221923827652, 9.474995440770321, 22.786479258421437], [2.6141125589785763, 4.434534287358294, 9.521075261588932, 13.577483179957028, 16.39505674875123, 0.0, 19.386284881717966, 4.73030546496238, 2.657300392935344, 7.1569694589814965, 6.544127951200934], [18.635452956990473, 15.095612438114987, 9.930295855320892, 5.818350305775079, 3.023547167802747, 19.386284881717966, 0.0, 14.853462336644565, 22.042103966456388, 12.391691791192818, 25.738436982184833], [3.880059312911187, 0.3224708051875962, 5.2913416669941595, 9.039941804705258, 11.916374538556571, 4.73030546496238, 14.853462336644565, 0.0, 7.317013690321296, 2.474008976033954, 10.886484041398626], [4.275287286930454, 7.035630699438825, 12.17598597716042, 16.231281485923212, 19.052221923827652, 2.657300392935344, 22.042103966456388, 7.317013690321296, 0.0, 9.773388444456332, 4.018139819000287], [6.265089398734516, 2.7398518832013767, 3.1536303891808917, 6.586980331465561, 9.474995440770321, 7.1569694589814965, 12.391691791192818, 2.474008976033954, 9.773388444456332, 0.0, 13.355703803865678], [7.229027533960962, 10.643271887687595, 15.99003953134538, 19.92199158159669, 22.786479258421437, 6.544127951200934, 25.738436982184833, 10.886484041398626, 4.018139819000287, 13.355703803865678, 0.0]]