[[0.0, 0.0026722297205843404, 1.9856960031714657, 1.946984813434528, 1.9333654056293343, 0.016238465531350554, 1.9377187337594082, 0.05356488824401717, 0.07497132467578205, 1.9999964917392417, 0.0480246898927289], [0.0026722297205843404, 0.0, 1.9707494855332388, 1.9679258686203223, 1.9570933960135717, 0.0057550049236232415, 1.9605925851944757, 0.07968363758553154, 0.049689074797447996, 1.9971307530602576, 0.028200388022541878], [1.9856960031714657, 1.9707494855332388, 0.0, 0.12070687098069688, 0.1404766131653159, 1.939441419401149, 0.13424200176532863, 1.987315629421483, 1.847771818925401, 0.013861032861526845, 1.8867576848419785], [1.946984813434528, 1.9679258686203223, 0.12070687098069688, 0.0, 0.0008014778999354544, 1.9892704219854411, 0.0003839813452127805, 1.7925208118646165, 1.9980408726494243, 0.05386953316998033, 1.9998734892335497], [1.9333654056293343, 1.9570933960135717, 0.1404766131653159, 0.0008014778999354544, 2.220446049250313e-16, 1.9826294815770171, 7.597130561298737e-05, 1.7674742001666075, 1.9997453854734362, 0.06758862119473974, 1.998435407023214], [0.016238465531350554, 0.0057550049236232415, 1.939441419401149, 1.9892704219854411, 1.9826294815770171, 0.0, 1.984842317351717, 0.12688672506026677, 0.02180822260676485, 1.983282662817125, 0.008530907342024663], [1.9377187337594082, 1.9605925851944757, 0.13424200176532863, 0.0003839813452127805, 7.597130561298737e-05, 1.984842317351717, 0.0, 1.7753180148546717, 1.99939129541043, 0.06320476110177886, 1.9990488053999065], [0.05356488824401717, 0.07968363758553154, 1.987315629421483, 1.7925208118646165, 1.7674742001666075, 0.12688672506026677, 1.7753180148546717, 0.0, 0.24718696325623835, 1.9472870956380834, 0.19787916813864137], [0.07497132467578205, 0.049689074797447996, 1.847771818925401, 1.9980408726494243, 1.9997453854734362, 0.02180822260676485, 1.99939129541043, 0.24718696325623835, 0.0, 1.9240191317717663, 0.003080563124908897], [1.9999964917392417, 1.9971307530602576, 0.013861032861526845, 0.05386953316998033, 0.06758862119473974, 1.983282662817125, 0.06320476110177886, 1.9472870956380834, 1.9240191317717663, 0.0, 1.9511609532610588], [0.0480246898927289, 0.028200388022541878, 1.8867576848419785, 1.9998734892335497, 1.998435407023214, 0.008530907342024663, 1.9990488053999065, 0.19787916813864137, 0.003080563124908897, 1.9511609532610588, 0.0]]