[[0.0, 2.793059397275048, 9.014915336490564, 11.462675921360507, 9.808586629018457, 2.1379378595647185, 11.203109611161963, 2.930180854899923, 3.485764778164077, 11.417505636870768, 1.185507272337392], [2.793059397275048, 0.0, 6.2315539306796826, 8.780712087698019, 7.139191272843662, 4.756822793602662, 8.536879903815178, 5.33640440957418, 5.725656184683904, 8.62571144113966, 2.752397131194509], [9.014915336490564, 6.2315539306796826, 0.0, 4.0277416032088595, 3.124014242320936, 10.83943341147083, 3.9781834724054543, 11.456360182370855, 11.465721396532128, 2.590198652095081, 8.71716102190325], [11.462675921360507, 8.780712087698019, 4.0277416032088595, 0.0, 1.65563705275384, 13.524466841774265, 0.3175567818697649, 13.305470670532197, 14.466776388950654, 2.518269225061907, 11.521301068839355], [9.808586629018457, 7.139191272843662, 3.124014242320936, 1.65563705275384, 0.0, 11.875706783615, 1.3979953637803144, 11.66958786968357, 12.84044920758171, 2.889487535479118, 9.885401242305882], [2.1379378595647185, 4.756822793602662, 10.83943341147083, 13.524466841774265, 11.875706783615, 0.0, 13.273318093214055, 3.0883994780805466, 1.5944220981200692, 13.322630511415134, 2.1285016963336556], [11.203109611161963, 8.536879903815178, 3.9781834724054543, 0.3175567818697649, 1.3979953637803144, 13.273318093214055, 0.0, 13.016313448287773, 14.234604695324983, 2.67917590811509, 11.282164136399686], [2.930180854899923, 5.33640440957418, 11.456360182370855, 13.305470670532197, 11.66958786968357, 3.0883994780805466, 13.016313448287773, 0.0, 4.599080988517546, 13.681028559955664, 3.9742093023454315], [3.485764778164077, 5.725656184683904, 11.465721396532128, 14.466776388950654, 12.84044920758171, 1.5944220981200692, 14.234604695324983, 4.599080988517546, 0.0, 14.018222077701274, 2.9786229397562582], [11.417505636870768, 8.62571144113966, 2.590198652095081, 2.518269225061907, 2.889487535479118, 13.322630511415134, 2.67917590811509, 13.681028559955664, 14.018222077701274, 0.0, 11.215461799037866], [1.185507272337392, 2.752397131194509, 8.71716102190325, 11.521301068839355, 9.885401242305882, 2.1285016963336556, 11.282164136399686, 3.9742093023454315, 2.9786229397562582, 11.215461799037866, 0.0]]