[[0.0, 0.40383247036229375, 0.01076761099053647, 1.1214752468310945, 0.16088408763016226, 1.9606951862698658, 1.8665972462635418, 1.7990918160117415, 1.3765737163128933, 1.917947954446483, 0.12061162273232506], [0.40383247036229375, 0.0, 0.5277529680551063, 0.2755051487302371, 0.9364641970056544, 1.3498569863176335, 1.917270916504775, 1.9590792932422492, 1.9682598686815287, 1.2287555075414893, 0.09349142096239371], [0.01076761099053647, 0.5277529680551063, 0.0, 1.265436696843735, 0.09031011061246141, 1.9909792533874162, 1.7842345766102756, 1.7024986002878015, 1.2369391978223967, 1.9661223136710813, 0.19976007680276042], [1.1214752468310945, 0.2755051487302371, 1.265436696843735, 0.0, 1.6418562002719408, 0.6077497309469697, 1.390042689964083, 1.4996868543567234, 1.873781878412508, 0.49472899353287925, 0.6342446186337944], [0.16088408763016226, 0.9364641970056544, 0.09031011061246141, 1.6418562002719408, 0.0, 1.9571388117118493, 1.4557386902567409, 1.3435014258397844, 0.8120785210097248, 1.9860512061194435, 0.5210698593351769], [1.9606951862698658, 1.3498569863176335, 1.9909792533874162, 0.6077497309469697, 1.9571388117118493, 0.0, 0.30599157700956603, 0.39921520677184996, 0.8953973832375317, 0.008005524091119542, 1.7126548287729972], [1.8665972462635418, 1.917270916504775, 1.7842345766102756, 1.390042689964083, 1.4557386902567409, 0.30599157700956603, 0.0, 0.007500991008626667, 0.21138768976352607, 0.4024658119180571, 1.9996559171983366], [1.7990918160117415, 1.9590792932422492, 1.7024986002878015, 1.4996868543567234, 1.3435014258397844, 0.39921520677184996, 0.007500991008626667, 0.0, 0.14213102408956857, 0.5049754173254153, 1.9889507394656203], [1.3765737163128933, 1.9682598686815287, 1.2369391978223967, 1.873781878412508, 0.8120785210097248, 0.8953973832375317, 0.21138768976352607, 0.14213102408956857, 2.220446049250313e-16, 1.0218232878417368, 1.7722119759991026], [1.917947954446483, 1.2287555075414893, 1.9661223136710813, 0.49472899353287925, 1.9860512061194435, 0.008005524091119542, 0.4024658119180571, 0.5049754173254153, 1.0218232878417368, 0.0, 1.61836146456372], [0.12061162273232506, 0.09349142096239371, 0.19976007680276042, 0.6342446186337944, 0.5210698593351769, 1.7126548287729972, 1.9996559171983366, 1.9889507394656203, 1.7722119759991026, 1.61836146456372, 0.0]]