[[0.0, 3.757695997074373, 15.94024076671363, 13.600054719286895, 20.671506351851846, 11.985071155897945, 18.451486007504084, 24.926539247905733, 14.190298327944411, 28.91825767995736, 17.129114001069713], [3.757695997074373, 0.0, 18.54842588130813, 9.852464320780628, 24.196436054575923, 10.048298545482305, 18.48793484047062, 25.366728364732474, 16.04415312011635, 26.215160154094065, 17.109794225159796], [15.94024076671363, 18.54842588130813, 0.0, 26.3066365746868, 10.171878405793555, 27.925277120925347, 32.89830200847479, 38.32126089289872, 25.785219040458134, 44.72092660074598, 12.932048239220562], [13.600054719286895, 9.852464320780628, 26.3066365746868, 0.0, 33.457720927733135, 11.799774620472451, 22.593119005109344, 29.622789241656708, 23.66268190480213, 21.54772390517569, 19.902357717324083], [20.671506351851846, 24.196436054575923, 10.171878405793555, 33.457720927733135, 0.0, 31.697422904654506, 33.42967410237001, 37.330153280853885, 24.838329387461503, 48.904588000608584, 23.076201951543528], [11.985071155897945, 10.048298545482305, 27.925277120925347, 11.799774620472451, 31.697422904654506, 0.0, 10.797484061797078, 17.82622848511791, 13.65967214203734, 17.215179397417074, 26.90529649829791], [18.451486007504084, 18.48793484047062, 32.89830200847479, 22.593119005109344, 33.42967410237001, 10.797484061797078, 0.0, 7.092507939511924, 9.019092383336941, 20.022626538420244, 35.389858010255885], [24.926539247905733, 25.366728364732474, 38.32126089289872, 29.622789241656708, 37.330153280853885, 17.82622848511791, 7.092507939511924, 0.0, 12.685841834603396, 23.502535002427003, 42.02914758756194], [14.190298327944411, 16.04415312011635, 25.785219040458134, 23.66268190480213, 24.838329387461503, 13.65967214203734, 9.019092383336941, 12.685841834603396, 0.0, 27.952338154012793, 30.995894999792277], [28.91825767995736, 26.215160154094065, 44.72092660074598, 21.54772390517569, 48.904588000608584, 17.215179397417074, 20.022626538420244, 23.502535002427003, 27.952338154012793, 0.0, 41.16353771378497], [17.129114001069713, 17.109794225159796, 12.932048239220562, 19.902357717324083, 23.076201951543528, 26.90529649829791, 35.389858010255885, 42.02914758756194, 30.995894999792277, 41.16353771378497, 0.0]]