[[0.0, 0.43752389331865116, 0.9832875217647778, 1.5402882073544952, 1.7607777247736225, 1.8504123500070206, 1.8316279460088905, 1.769549006480504, 1.9877398547242295, 0.43889798479178466, 0.0055841551436408565], [0.43752389331865116, 1.1102230246251565e-16, 0.1639015660595854, 1.999646295487215, 0.8913069522064588, 1.9133370803180663, 1.9269278553933282, 1.960845934926695, 1.6846529955368217, 1.3687856666514016, 0.5279206212438126], [0.9832875217647778, 0.1639015660595854, 1.1102230246251565e-16, 1.850392068289485, 0.3637926025169582, 1.540255769041281, 1.5691542010805661, 1.6513596433333277, 1.1725946484667236, 1.8182536462360455, 1.088898697561614], [1.5402882073544952, 1.999646295487215, 1.850392068289485, 0.0, 1.135091847892296, 0.0978154932850469, 0.08337942880609883, 0.046862895174979546, 0.3349733065641899, 0.6066245140411841, 1.4484675866373904], [1.7607777247736225, 0.8913069522064588, 0.3637926025169582, 1.135091847892296, 0.0, 0.6944815861356484, 0.7277341818567811, 0.8289957099700829, 0.34986613225391094, 1.964091859928475, 1.8250213961350046], [1.8504123500070206, 1.9133370803180663, 1.540255769041281, 0.0978154932850469, 0.6944815861356484, 1.1102230246251565e-16, 0.0006032272882243728, 0.009594304121049446, 0.07788233740667272, 1.0416767019743525, 1.7901410523393828], [1.8316279460088905, 1.9269278553933282, 1.5691542010805661, 0.08337942880609883, 0.7277341818567811, 0.0006032272882243728, 0.0, 0.005392558478211407, 0.09187549543384865, 1.006952919155846, 1.7683782561109083], [1.769549006480504, 1.960845934926695, 1.6513596433333277, 0.046862895174979546, 0.8289957099700829, 0.009594304121049446, 0.005392558478211407, 1.1102230246251565e-16, 0.14019656240156153, 0.9032066150466745, 1.6978599053937602], [1.9877398547242295, 1.6846529955368217, 1.1725946484667236, 0.3349733065641899, 0.34986613225391094, 0.07788233740667272, 0.09187549543384865, 0.14019656240156153, 0.0, 1.4250042274269308, 1.965749588767706], [0.43889798479178466, 1.3687856666514016, 1.8182536462360455, 0.6066245140411841, 1.964091859928475, 1.0416767019743525, 1.006952919155846, 0.9032066150466745, 1.4250042274269308, 2.220446049250313e-16, 0.35467701710625366], [0.0055841551436408565, 0.5279206212438126, 1.088898697561614, 1.4484675866373904, 1.8250213961350046, 1.7901410523393828, 1.7683782561109083, 1.6978599053937602, 1.965749588767706, 0.35467701710625366, 0.0]]