[[0.0, 14.295109276060082, 31.129014135872254, 34.54184243612793, 39.888357753002005, 21.610237504048268, 30.37832184931788, 24.084602491100256, 24.112313176999596, 20.60781054213138, 8.564064636110434], [14.295109276060082, 0.0, 16.85138351520751, 38.102485406309725, 28.936215032643318, 20.881927885622193, 30.143718824298187, 24.246912002712047, 21.389719180148063, 33.185865553162465, 21.49344426353569], [31.129014135872254, 16.85138351520751, 0.0, 48.56371892873303, 22.892010500235834, 31.132239828822705, 38.50755151403506, 34.25962632851096, 29.73450675359967, 49.49070226213731, 37.82329223967132], [34.54184243612793, 38.102485406309725, 48.56371892873303, 0.0, 37.67351195019306, 17.694253858921808, 10.815694658105528, 14.389935338971869, 18.855875052649985, 26.554449464915482, 40.3853938787831], [39.888357753002005, 28.936215032643318, 22.892010500235834, 37.67351195019306, 0.0, 25.33627956963175, 27.00923471273974, 26.67864218397677, 22.0359527570721, 50.89016141996595, 48.37781093314584], [21.610237504048268, 20.881927885622193, 31.132239828822705, 17.694253858921808, 25.33627956963175, 0.0, 9.43730553394934, 3.3851514579198527, 3.4727362638761763, 25.90698223177054, 29.526216390741055], [30.37832184931788, 30.143718824298187, 38.50755151403506, 10.815694658105528, 27.00923471273974, 9.43730553394934, 0.0, 6.364646182846076, 9.050446514118766, 29.589584395849815, 37.76662274942886], [24.084602491100256, 24.246912002712047, 34.25962632851096, 14.389935338971869, 26.67864218397677, 3.3851514579198527, 6.364646182846076, 0.0, 4.9759910628441295, 25.748508262349432, 31.659919123861744], [24.112313176999596, 21.389719180148063, 29.73450675359967, 18.855875052649985, 22.0359527570721, 3.4727362638761763, 9.050446514118766, 4.9759910628441295, 0.0, 29.374313979083286, 32.27822973241901], [20.60781054213138, 33.185865553162465, 49.49070226213731, 26.554449464915482, 50.89016141996595, 25.90698223177054, 29.589584395849815, 25.748508262349432, 29.374313979083286, 0.0, 20.592569392409946], [8.564064636110434, 21.49344426353569, 37.82329223967132, 40.3853938787831, 48.37781093314584, 29.526216390741055, 37.76662274942886, 31.659919123861744, 32.27822973241901, 20.592569392409946, 0.0]]