[[0.0, 0.13164417793145888, 0.43419568450613866, 1.597681102596542, 0.9222381496152037, 1.4719520347454988, 1.9823007864830458, 1.9522601987206487, 1.952798027368909, 1.2283398159281218, 0.0037881205312352284], [0.13164417793145888, 1.1102230246251565e-16, 0.09975698314914128, 1.1213865782597554, 0.4380350779336045, 1.8470565116735111, 1.9458816166061763, 1.9783055340493894, 1.9779380301961984, 1.681119867104628, 0.0918069533862017], [0.43419568450613866, 0.09975698314914128, 1.1102230246251565e-16, 0.6771092072315161, 0.13395919163059744, 1.9939665447930164, 1.7102348114502577, 1.7905146250829576, 1.7894314625193535, 1.9319521056385032, 0.3646377728219816], [1.597681102596542, 1.1213865782597554, 0.6771092072315161, 0.0, 0.2471705354741559, 1.4247512462591723, 0.5630704414697563, 0.6756114964882309, 0.673940953585768, 1.6440789287335202, 1.52569892500279], [0.9222381496152037, 0.4380350779336045, 0.13395919163059744, 0.2471705354741559, 0.0, 1.9156544991508495, 1.2631286878514576, 1.37841268508616, 1.3767768840216625, 1.9883895811669627, 0.8358369011121405], [1.4719520347454988, 1.8470565116735111, 1.9939665447930164, 1.4247512462591723, 1.9156544991508495, 0.0, 0.3712638081497156, 0.281429924274756, 0.282659620743549, 0.03390152623568843, 1.5468295039216502], [1.9823007864830458, 1.9458816166061763, 1.7102348114502577, 0.5630704414697563, 1.2631286878514576, 0.3712638081497156, 0.0, 0.007410534029146487, 0.007197415190098866, 0.5933397346322667, 1.994868058223608], [1.9522601987206487, 1.9783055340493894, 1.7905146250829576, 0.6756114964882309, 1.37841268508616, 0.281429924274756, 0.007410534029146487, 1.1102230246251565e-16, 1.56040136134461e-06, 0.48533873095385816, 1.9752004673316972], [1.952798027368909, 1.9779380301961984, 1.7894314625193535, 0.673940953585768, 1.3767768840216625, 0.282659620743549, 0.007197415190098866, 1.56040136134461e-06, 0.0, 0.48685418729215035, 1.9755899308353515], [1.2283398159281218, 1.681119867104628, 1.9319521056385032, 1.6440789287335202, 1.9883895811669627, 0.03390152623568843, 0.5933397346322667, 0.48533873095385816, 0.48685418729215035, 2.220446049250313e-16, 1.3121366421415877], [0.0037881205312352284, 0.0918069533862017, 0.3646377728219816, 1.52569892500279, 0.8358369011121405, 1.5468295039216502, 1.994868058223608, 1.9752004673316972, 1.9755899308353515, 1.3121366421415877, 0.0]]