[[0.0, 3.0312641964250147, 16.16026804973004, 9.536624658628636, 26.412721628363176, 14.313392002792027, 20.636464756098324, 24.67400022365387, 10.789439018991821, 26.389007020834935, 15.760994111007724], [3.0312641964250147, 0.0, 14.118528848198432, 7.488183847017661, 23.5554421454119, 15.259313703180501, 19.825070530250176, 24.13112827984213, 10.18849949538765, 28.2986773246728, 17.052419319490095], [16.16026804973004, 14.118528848198432, 0.0, 17.86975922805375, 13.644551163192922, 29.15099139195903, 30.943297334054446, 35.57593769688203, 22.80077213922109, 42.399337463041384, 17.569595943346307], [9.536624658628636, 7.488183847017661, 17.86975922805375, 0.0, 22.9575728716615, 12.973084101108398, 13.26770441214983, 17.84097174579163, 5.429511606624348, 27.45680744921109, 24.52428427534813], [26.412721628363176, 23.5554421454119, 13.644551163192922, 22.9575728716615, 0.0, 35.924457764805595, 33.1626762079526, 37.555774008330694, 28.341534149060916, 50.34610915005652, 31.21413379056746], [14.313392002792027, 15.259313703180501, 29.15099139195903, 12.973084101108398, 35.924457764805595, 0.0, 11.42113143363387, 13.434068373480205, 7.6975436720177495, 14.536907493313356, 28.85174645844061], [20.636464756098324, 19.825070530250176, 30.943297334054446, 13.26770441214983, 33.1626762079526, 11.42113143363387, 0.0, 4.643057825196204, 9.847115630827377, 22.710340566114667, 36.39679354002715], [24.67400022365387, 24.13112827984213, 35.57593769688203, 17.84097174579163, 37.555774008330694, 13.434068373480205, 4.643057825196204, 0.0, 13.977802720996237, 21.772188131076174, 40.372684501455616], [10.789439018991821, 10.18849949538765, 22.80077213922109, 5.429511606624348, 28.341534149060916, 7.6975436720177495, 9.847115630827377, 13.977802720996237, 0.0, 22.234411341706135, 26.549710413656435], [26.389007020834935, 28.2986773246728, 42.399337463041384, 27.45680744921109, 50.34610915005652, 14.536907493313356, 22.710340566114667, 21.772188131076174, 22.234411341706135, 0.0, 37.41018407113577], [15.760994111007724, 17.052419319490095, 17.569595943346307, 24.52428427534813, 31.21413379056746, 28.85174645844061, 36.39679354002715, 40.372684501455616, 26.549710413656435, 37.41018407113577, 0.0]]