[[0.0, 1.4840857356535462, 1.1022603585296138, 1.6300034748220444, 1.9493939829446942, 1.1604069646841209, 1.959707778275279, 1.411299689590626, 1.1084805414192083, 1.516342905422955, 0.007515684716127069], [1.4840857356535462, 0.0, 1.8209306427162648, 1.3745585545857102, 0.8152450888220064, 0.05865937781909247, 0.7812999040863298, 0.003314284913046417, 0.07762941614694319, 1.499397567513137, 1.5875254369331093], [1.1022603585296138, 1.8209306427162648, 2.220446049250313e-16, 0.16305445941623986, 0.5904735114868112, 1.9654732420111851, 0.6223330684945196, 1.8646621332058246, 1.9777939193406955, 0.09530610081154756, 0.9797614078270317], [1.6300034748220444, 1.3745585545857102, 0.16305445941623986, 0.0, 0.15796042054855208, 1.66547924680299, 0.17715835191796958, 1.448743794645553, 1.703666192540119, 0.009642553671951215, 1.5302354840163703], [1.9493939829446942, 0.8152450888220064, 0.5904735114868112, 0.15796042054855208, 0.0, 1.1577311314876046, 0.000600585335851167, 0.8958055160707132, 1.2092433322537186, 0.24080814757624425, 1.903823129441967], [1.1604069646841209, 0.05865937781909247, 1.9654732420111851, 1.66547924680299, 1.1577311314876046, 0.0, 1.1234174746401286, 0.0343275407230208, 0.0013730111098184672, 1.76246760796342, 1.2799887064716946], [1.959707778275279, 0.7812999040863298, 0.6223330684945196, 0.17715835191796958, 0.000600585335851167, 1.1234174746401286, 0.0, 0.8614040053829742, 1.1752320447067093, 0.26381840605630014, 1.9181084152767491], [1.411299689590626, 0.003314284913046417, 1.8646621332058246, 1.448743794645553, 0.8958055160707132, 0.0343275407230208, 0.8614040053829742, 1.1102230246251565e-16, 0.04926096606317776, 1.5682205974101873, 1.5197505062882688], [1.1084805414192083, 0.07762941614694319, 1.9777939193406955, 1.703666192540119, 1.2092433322537186, 0.0013730111098184672, 1.1752320447067093, 0.04926096606317776, 0.0, 1.7953148928242006, 1.2293149751413524], [1.516342905422955, 1.499397567513137, 0.09530610081154756, 0.009642553671951215, 0.24080814757624425, 1.76246760796342, 0.26381840605630014, 1.5682205974101873, 1.7953148928242006, 0.0, 1.407665144451291], [0.007515684716127069, 1.5875254369331093, 0.9797614078270317, 1.5302354840163703, 1.903823129441967, 1.2799887064716946, 1.9181084152767491, 1.5197505062882688, 1.2293149751413524, 1.407665144451291, 0.0]]