[[0.0, 4.667183420494461, 6.322573690379722, 10.22029907991895, 10.771291650082315, 7.6668081931372765, 12.675447595354289, 9.386578675978544, 7.303710975002902, 10.686784720428204, 4.157123713447369], [4.667183420494461, 0.0, 5.668182381591306, 7.8538777336109, 6.861347325174852, 4.814634564955836, 8.678990136021318, 5.803783671854707, 4.6078169499400605, 8.827381248796257, 8.82430113578862], [6.322573690379722, 5.668182381591306, 0.0, 4.269711314998783, 6.5971352093850655, 10.480067905253552, 8.302616829157682, 11.265422930332427, 10.275266889193292, 4.433982300007486, 9.151716214157398], [10.22029907991895, 7.8538777336109, 4.269711314998783, 0.0, 4.021320966371672, 12.130940350795829, 5.039362782954222, 12.221074010804474, 12.052303893809926, 1.3560394295367033, 13.393321150323265], [10.771291650082315, 6.861347325174852, 6.5971352093850655, 4.021320966371672, 0.0, 9.891431380785438, 1.9059788413388843, 9.403989483549768, 9.932726839599285, 5.349771269185567, 14.635659965037588], [7.6668081931372765, 4.814634564955836, 10.480067905253552, 12.130940350795829, 9.891431380785438, 0.0, 11.29855418410141, 2.017343886595607, 0.38900513456352714, 13.271245730530683, 11.273122853276224], [12.675447595354289, 8.678990136021318, 8.302616829157682, 5.039362782954222, 1.9059788413388843, 11.29855418410141, 0.0, 10.547055425690374, 11.385440635434477, 6.210064382961671, 16.53693831201278], [9.386578675978544, 5.803783671854707, 11.265422930332427, 12.221074010804474, 9.403989483549768, 2.017343886595607, 10.547055425690374, 0.0, 2.395564964565797, 13.462594814806064, 13.159696418270647], [7.303710975002902, 4.6078169499400605, 10.275266889193292, 12.052303893809926, 9.932726839599285, 0.38900513456352714, 11.385440635434477, 2.395564964565797, 0.0, 13.170133481070302, 10.887778472337097], [10.686784720428204, 8.827381248796257, 4.433982300007486, 1.3560394295367033, 5.349771269185567, 13.271245730530683, 6.210064382961671, 13.462594814806064, 13.170133481070302, 0.0, 13.54175035252485], [4.157123713447369, 8.82430113578862, 9.151716214157398, 13.393321150323265, 14.635659965037588, 11.273122853276224, 16.53693831201278, 13.159696418270647, 10.887778472337097, 13.54175035252485, 0.0]]