[[0.0, 1.790743567373871, 3.544586971758888, 5.977201886280769, 5.484481185922555, 4.005785760700188, 7.315115567927832, 4.976955527817128, 5.216389915039993, 3.8200366114842486, 2.3582869228586114], [1.790743567373871, 0.0, 2.9856875475301816, 5.489219183929629, 4.8331403564723745, 4.007894317036692, 6.699730715973843, 4.6452633375490535, 5.32537961329312, 3.1931900998475684, 3.1823054748419155], [3.544586971758888, 2.9856875475301816, 0.0, 5.178375003665603, 4.416344114217299, 4.354696743016642, 6.381296290256831, 4.773089447192119, 5.266927856204997, 4.418467517675167, 4.787299886912484], [5.977201886280769, 5.489219183929629, 5.178375003665603, 0.0, 3.6247168322149887, 3.949414109454089, 3.1377203836005787, 3.2660428324505, 4.2663565765966975, 5.4747896823593445, 7.633422217365862], [5.484481185922555, 4.8331403564723745, 4.416344114217299, 3.6247168322149887, 0.0, 3.3096514142688904, 3.598890812024901, 2.6743813970035317, 4.068563300841433, 4.590562351423909, 7.208009578005691], [4.005785760700188, 4.007894317036692, 4.354696743016642, 3.949414109454089, 3.3096514142688904, 0.0, 4.617551191114839, 2.2403403161728628, 2.0231185276024517, 4.487552634814444, 5.643354774907657], [7.315115567927832, 6.699730715973843, 6.381296290256831, 3.1377203836005787, 3.598890812024901, 4.617551191114839, 0.0, 3.220424179029231, 4.642179457680195, 6.128430226089611, 9.15344240528315], [4.976955527817128, 4.6452633375490535, 4.773089447192119, 3.2660428324505, 2.6743813970035317, 2.2403403161728628, 3.220424179029231, 0.0, 2.9608171843675546, 4.11620674385452, 6.735759999385308], [5.216389915039993, 5.32537961329312, 5.266927856204997, 4.2663565765966975, 4.068563300841433, 2.0231185276024517, 4.642179457680195, 2.9608171843675546, 0.0, 5.929417554920044, 6.745682288009241], [3.8200366114842486, 3.1931900998475684, 4.418467517675167, 5.4747896823593445, 4.590562351423909, 4.487552634814444, 6.128430226089611, 4.11620674385452, 5.929417554920044, 0.0, 5.159155128792396], [2.3582869228586114, 3.1823054748419155, 4.787299886912484, 7.633422217365862, 7.208009578005691, 5.643354774907657, 9.15344240528315, 6.735759999385308, 6.745682288009241, 5.159155128792396, 0.0]]