[[0.0, 7.1724291546857435, 24.49152795841655, 10.409141165947695, 31.356680409417798, 12.179107621598611, 21.17723389955434, 20.71392457323072, 10.718558852037399, 36.885042063474046, 16.80312673212037], [7.1724291546857435, 0.0, 19.75276868711625, 17.439716345236338, 24.196756149129126, 15.172841787943701, 20.308400575972822, 21.915341697797654, 7.100784959288539, 41.88590457817945, 20.906758103405412], [24.49152795841655, 19.75276868711625, 0.0, 34.08487149523026, 22.279533239290704, 34.90642447201129, 38.61245414887634, 41.31803810673002, 25.52198003388703, 61.24479732728725, 25.432118694546283], [10.409141165947695, 17.439716345236338, 34.08487149523026, 0.0, 41.39031629953281, 12.25181640486154, 23.90756201626121, 20.674335209472993, 18.664247989722707, 28.959211574943943, 18.072340895281336], [31.356680409417798, 24.196756149129126, 22.279533239290704, 41.39031629953281, 0.0, 35.00684842752937, 31.365693807471402, 36.66004557486119, 23.857312774508234, 61.21743607121517, 42.02344977043946], [12.179107621598611, 15.172841787943701, 34.90642447201129, 12.25181640486154, 35.00684842752937, 0.0, 11.67312611877243, 8.9793462346227, 11.339874406754616, 27.076401820713073, 27.645153815848566], [21.17723389955434, 20.308400575972822, 38.61245414887634, 23.90756201626121, 31.365693807471402, 11.67312611877243, 0.0, 6.098446442942348, 13.384953529277418, 30.980919408551024, 37.873900540133725], [20.71392457323072, 21.915341697797654, 41.31803810673002, 20.674335209472993, 36.66004557486119, 8.9793462346227, 6.098446442942348, 0.0, 15.872648344186214, 25.01100177490509, 36.61401603633106], [10.718558852037399, 7.100784959288539, 25.52198003388703, 18.664247989722707, 23.857312774508234, 11.339874406754616, 13.384953529277418, 15.872648344186214, 0.0, 38.27802342753876, 26.971213715583467], [36.885042063474046, 41.88590457817945, 61.24479732728725, 28.959211574943943, 61.21743607121517, 27.076401820713073, 30.980919408551024, 25.01100177490509, 38.27802342753876, 0.0, 46.39701228709616], [16.80312673212037, 20.906758103405412, 25.432118694546283, 18.072340895281336, 42.02344977043946, 27.645153815848566, 37.873900540133725, 36.61401603633106, 26.971213715583467, 46.39701228709616, 0.0]]