[[1.1102230246251565e-16, 0.39991610792439825, 1.2565044408117911, 0.44993934968972693, 1.8425333829709176, 0.3251622019532099, 1.8080569726596787, 1.8403679966182187, 1.0357357399164364, 0.778429389461967, 0.30011066978016954], [0.39991610792439825, 0.0, 0.38075056200131885, 1.3379646809545536, 1.0747093024911112, 1.1853671404406592, 1.9561483789879262, 1.93787020237556, 0.2220183080641056, 1.6470931478827961, 0.008651588327089121], [1.2565044408117911, 0.38075056200131885, 0.0, 1.94827698557175, 0.26326370443443425, 1.8863748867103682, 1.3621245094943746, 1.3083239309634622, 0.024907927502213045, 1.9993528227607493, 0.4891700857188327], [0.44993934968972693, 1.3379646809545536, 1.94827698557175, 0.0, 1.9132794831586737, 0.012504567244039588, 0.9525047489435755, 1.009602191659014, 1.8542481186944046, 0.0637556001454983, 1.2115073329822095], [1.8425333829709176, 1.0747093024911112, 0.26326370443443425, 1.9132794831586737, 0.0, 1.9660744739862528, 0.6365026223066532, 0.5839157876445576, 0.4315913621065439, 1.711936405195563, 1.2049528529186933], [0.3251622019532099, 1.1853671404406592, 1.8863748867103682, 0.012504567244039588, 1.9660744739862528, 2.220446049250313e-16, 1.11056835973283, 1.1671224667943276, 1.7616105577683796, 0.13085233101546123, 1.0547814659282078], [1.8080569726596787, 1.9561483789879262, 1.3621245094943746, 0.9525047489435755, 0.6365026223066532, 1.11056835973283, 1.1102230246251565e-16, 0.0016306448141427676, 1.5598515548902914, 0.6045799152112143, 1.9863189998369402], [1.8403679966182187, 1.93787020237556, 1.3083239309634622, 1.009602191659014, 0.5839157876445576, 1.1671224667943276, 0.0016306448141427676, 0.0, 1.5116388920419417, 0.657656763582775, 1.9753004175913138], [1.0357357399164364, 0.2220183080641056, 0.024907927502213045, 1.8542481186944046, 0.4315913621065439, 1.7616105577683796, 1.5598515548902914, 1.5116388920419417, 0.0, 1.9824394702336754, 0.31121596949900077], [0.778429389461967, 1.6470931478827961, 1.9993528227607493, 0.0637556001454983, 1.711936405195563, 0.13085233101546123, 0.6045799152112143, 0.657656763582775, 1.9824394702336754, 1.1102230246251565e-16, 1.5414232032854678], [0.30011066978016954, 0.008651588327089121, 0.4891700857188327, 1.2115073329822095, 1.2049528529186933, 1.0547814659282078, 1.9863189998369402, 1.9753004175913138, 0.31121596949900077, 1.5414232032854678, 0.0]]