[[0.0, 6.109333241548433, 19.391683250944073, 10.197401031326446, 33.34423017190989, 6.439475552622866, 17.032231066285306, 24.9970339942853, 9.365212456380446, 19.762158583113035, 17.804573702664122], [6.109333241548433, 0.0, 13.691847355220379, 14.261485982231319, 27.341641652582215, 10.064655184232809, 14.526597368812638, 22.41863453493425, 3.264605659937665, 23.092577056482096, 17.93619199596513], [19.391683250944073, 13.691847355220379, 0.0, 27.773410383198595, 18.394260256916894, 23.618379775909276, 21.889239264307168, 27.702436421052823, 11.004135260895124, 35.96702368694739, 19.70549609387616], [10.197401031326446, 14.261485982231319, 27.773410383198595, 0.0, 38.084728196009515, 4.198138532034698, 15.531099303331079, 22.014856680273343, 16.780588309912943, 9.616004961257056, 27.557203171008595], [33.34423017190989, 27.341641652582215, 18.394260256916894, 38.084728196009515, 0.0, 34.71379957696205, 24.840780184474358, 25.271669309396284, 24.10210619208183, 43.23910726239984, 38.09413718991903], [6.439475552622866, 10.064655184232809, 23.618379775909276, 4.198138532034698, 34.71379957696205, 0.0, 13.871484546285147, 21.24623661087709, 12.649648600272577, 13.446570605141929, 24.198009265442497], [17.032231066285306, 14.526597368812638, 21.889239264307168, 15.531099303331079, 24.840780184474358, 13.871484546285147, 0.0, 8.015906212208243, 13.82469633879636, 18.517993883449652, 32.454850070391565], [24.9970339942853, 22.41863453493425, 27.702436421052823, 22.014856680273343, 25.271669309396284, 21.24623661087709, 8.015906212208243, 0.0, 21.34164885802634, 21.972562402339697, 40.28034951575889], [9.365212456380446, 3.264605659937665, 11.004135260895124, 16.780588309912943, 24.10210619208183, 12.649648600272577, 13.82469633879636, 21.34164885802634, 0.0, 25.08466726238809, 19.108307750671962], [19.762158583113035, 23.092577056482096, 35.96702368694739, 9.616004961257056, 43.23910726239984, 13.446570605141929, 18.517993883449652, 21.972562402339697, 25.08466726238809, 0.0, 37.14270325475159], [17.804573702664122, 17.93619199596513, 19.70549609387616, 27.557203171008595, 38.09413718991903, 24.198009265442497, 32.454850070391565, 40.28034951575889, 19.108307750671962, 37.14270325475159, 0.0]]