[[0.0, 0.012809007960633667, 1.3594582324889504, 1.860713524622027, 1.9916467106013953, 0.29126907632609234, 1.9986051366175097, 0.7178219049691388, 0.23873452666223471, 1.6953703204519872, 0.06661029798755846], [0.012809007960633667, 0.0, 1.5037331934642775, 1.9309102838202556, 1.958366259074566, 0.18779304849124812, 1.977390217936336, 0.5683768995728561, 0.1450315124294398, 1.801119094992571, 0.13582037198872488], [1.3594582324889504, 1.5037331934642775, 0.0, 0.21554678122743165, 0.7639070307093837, 1.9130846842688545, 0.6903135523923096, 1.9966706475369698, 1.8787424945745537, 0.07942564507715155, 1.00063627866205], [1.860713524622027, 1.9309102838202556, 0.21554678122743165, 0.0, 0.21214053855730475, 1.9691662674853, 0.16736670058371983, 1.7312757469093858, 1.9853457287426153, 0.03562730122657343, 1.6206869990251007], [1.9916467106013953, 1.958366259074566, 0.7639070307093837, 0.21214053855730475, 0.0, 1.6118153926736243, 0.0029262323129020107, 1.1560788901294305, 1.6712681514854522, 0.4031326691004796, 1.9718804960296343], [0.29126907632609234, 0.18779304849124812, 1.9130846842688545, 1.9691662674853, 1.6118153926736243, 0.0, 1.6704934483122742, 0.12320198214619094, 0.003006637895980324, 1.9998239871668182, 0.5916491228519989], [1.9986051366175097, 1.977390217936336, 0.6903135523923096, 0.16736670058371983, 0.0029262323129020107, 1.6704934483122742, 1.1102230246251565e-16, 1.2311307143668806, 1.725966323416436, 0.34354402975368925, 1.9510355916089601], [0.7178219049691388, 0.5683768995728561, 1.9966706475369698, 1.7312757469093858, 1.1560788901294305, 0.12320198214619094, 1.2311307143668806, 1.1102230246251565e-16, 0.16309850851803298, 1.8856653338071254, 1.0808987634331109], [0.23873452666223471, 0.1450315124294398, 1.8787424945745537, 1.9853457287426153, 1.6712681514854522, 0.003006637895980324, 1.725966323416436, 0.16309850851803298, 0.0, 1.9953641043767418, 0.5221448074554605], [1.6953703204519872, 1.801119094992571, 0.07942564507715155, 0.03562730122657343, 0.4031326691004796, 1.9998239871668182, 0.34354402975368925, 1.8856653338071254, 1.9953641043767418, 0.0, 1.3911530155391891], [0.06661029798755846, 0.13582037198872488, 1.00063627866205, 1.6206869990251007, 1.9718804960296343, 0.5916491228519989, 1.9510355916089601, 1.0808987634331109, 0.5221448074554605, 1.3911530155391891, 2.220446049250313e-16]]