[[0.0, 0.08307943005186391, 1.908527859064483, 1.8055961673681655, 1.9990273572772528, 0.10407446871899817, 1.9968265048782325, 0.5206703922173543, 0.06466512051956774, 1.6296958015857053, 0.033680375487023406], [0.08307943005186391, 0.0, 1.9997889150679367, 1.9751025717222366, 1.9336255806183151, 0.0012389585529642977, 1.8822428716141597, 0.2102552544870635, 0.0011958685583334239, 1.8873951030732066, 0.2166602139585645], [1.908527859064483, 1.9997889150679367, 0.0, 0.02054716277923041, 0.0739319926031754, 1.9995726384773, 0.12761615479161226, 1.8021814989466787, 1.9975888044978294, 0.10332045134481094, 1.7704033635583334], [1.8055961673681655, 1.9751025717222366, 0.02054716277923041, 0.0, 0.16906284320396525, 1.9849296775980212, 0.2441234299375975, 1.9061141217016764, 1.9630947390338371, 0.03246786728625284, 1.6259955477661545], [1.9990273572772528, 1.9336255806183151, 0.0739319926031754, 0.16906284320396525, 0.0, 1.9146411544007114, 0.00765319670514597, 1.5175624102890746, 1.950024218630348, 0.3366620887069388, 1.954032205034134], [0.10407446871899817, 0.0012389585529642977, 1.9995726384773, 1.9849296775980212, 1.9146411544007114, 0.0, 1.8577215370873277, 0.18070715991606856, 0.004866309407941749, 1.9092370024055778, 0.2485632707253952], [1.9968265048782325, 1.8822428716141597, 0.12761615479161226, 0.2441234299375975, 0.00765319670514597, 1.8577215370873277, 0.0, 1.40794452958314, 1.9042053317261076, 0.4341428474207114, 1.9837388928867998], [0.5206703922173543, 0.2102552544870635, 1.8021814989466787, 1.9061141217016764, 1.5175624102890746, 0.18070715991606856, 1.40794452958314, 0.0, 0.24119102193030573, 1.9836153740829607, 0.762669250665499], [0.06466512051956774, 0.0011958685583334239, 1.9975888044978294, 1.9630947390338371, 1.950024218630348, 0.004866309407941749, 1.9042053317261076, 0.24119102193030573, 0.0, 1.86379477839381, 0.1872067911159282], [1.6296958015857053, 1.8873951030732066, 0.10332045134481094, 0.03246786728625284, 0.3366620887069388, 1.9092370024055778, 0.4341428474207114, 1.9836153740829607, 1.86379477839381, 0.0, 1.4085711542306005], [0.033680375487023406, 0.2166602139585645, 1.7704033635583334, 1.6259955477661545, 1.954032205034134, 0.2485632707253952, 1.9837388928867998, 0.762669250665499, 0.1872067911159282, 1.4085711542306005, 0.0]]