[[1.1102230246251565e-16, 0.00908590558110478, 1.9971706721656979, 1.9999982139424777, 1.999972083533266, 0.0025480361076581914, 1.9999648669753176, 1.8547959215929601, 0.0014106654990665435, 1.992678108885639, 0.0006126027444159909], [0.00908590558110478, 0.0, 1.9780002770960867, 1.9906581261410732, 1.9918914003602421, 0.002015650132328739, 1.9920066839673192, 1.7772305446222452, 0.0033423404850502214, 1.9999045097075019, 0.004985897662665217], [1.9971706721656979, 1.9780002770960867, 0.0, 0.0026890357731363945, 0.0034188484953630027, 1.9892670627448052, 0.0034944740788598327, 0.10861161075258796, 1.9917726183214226, 0.019210368806826916, 1.9939290066913806], [1.9999982139424777, 1.9906581261410732, 0.0026890357731363945, 0.0, 4.382475111275319e-05, 1.9973153471230158, 5.276180263036334e-05, 0.144224760989481, 1.998487196583449, 0.007551957166862966, 1.999319466767026], [1.999972083533266, 1.9918914003602421, 0.0034188484953630027, 4.382475111275319e-05, 0.0, 1.9979571872211155, 4.14366714385217e-07, 0.14910569003127672, 1.9989582065579738, 0.00644705083236885, 1.9996210029744341], [0.0025480361076581914, 0.002015650132328739, 1.9892670627448052, 1.9973153471230158, 1.9979571872211155, 1.1102230246251565e-16, 1.9980149324096148, 1.8155942886869152, 0.0001670653502373609, 1.9987660283533477, 0.0006623058041181906], [1.9999648669753176, 1.9920066839673192, 0.0034944740788598327, 5.276180263036334e-05, 4.14366714385217e-07, 1.9980149324096148, 0.0, 0.14958428195795936, 1.9989993358328932, 0.006344257270912257, 1.9996456498070534], [1.8547959215929601, 1.7772305446222452, 0.10861161075258796, 0.144224760989481, 0.14910569003127672, 1.8155942886869152, 0.14958428195795936, 0.0, 1.826034401217027, 0.21414838581906948, 1.8361097800314088], [0.0014106654990665435, 0.0033423404850502214, 1.9917726183214226, 1.998487196583449, 1.9989582065579738, 0.0001670653502373609, 1.9989993358328932, 1.826034401217027, 0.0, 1.9976914037658897, 0.00016412151326805624], [1.992678108885639, 1.9999045097075019, 0.019210368806826916, 0.007551957166862966, 0.00644705083236885, 1.9987660283533477, 0.006344257270912257, 0.21414838581906948, 1.9976914037658897, 0.0, 1.9962973410236722], [0.0006126027444159909, 0.004985897662665217, 1.9939290066913806, 1.999319466767026, 1.9996210029744341, 0.0006623058041181906, 1.9996456498070534, 1.8361097800314088, 0.00016412151326805624, 1.9962973410236722, 0.0]]