[[0.0, 6.27127711682679, 15.028807473394224, 25.43891971123011, 27.82541980260034, 0.6984611657701951, 37.53124827661781, 9.947879741658385, 2.9987477542355774, 11.311809700824451, 15.333757156840422], [6.27127711682679, 0.0, 8.771034517565505, 19.1911876020931, 21.580846105780093, 6.238308708479913, 31.285644224393106, 3.713631167274217, 9.176775476253018, 5.100830886866135, 21.56524452857334], [15.028807473394224, 8.771034517565505, 0.0, 10.421709554563467, 12.812453630660265, 15.008143703881128, 22.515673885249065, 5.084750174933712, 17.94749244908196, 3.758567601797573, 30.33602576031936], [25.43891971123011, 19.1911876020931, 10.421709554563467, 0.0, 2.391849161323789, 25.42917015855952, 12.094467682162843, 15.491704032477449, 28.367950881238205, 14.13027126508009, 40.756311772341476], [27.82541980260034, 21.580846105780093, 12.812453630660265, 2.391849161323789, 0.0, 27.819044831726764, 9.705926860706047, 17.879287830457162, 30.757463321493972, 16.51489465503442, 43.14556227129105], [0.6984611657701951, 6.238308708479913, 15.008143703881128, 25.42917015855952, 27.819044831726764, 0.0, 37.523550584784424, 9.9467689956592, 2.940308685458128, 11.326331706475237, 15.328150891429067], [37.53124827661781, 31.285644224393106, 22.515673885249065, 12.094467682162843, 9.705926860706047, 37.523550584784424, 0.0, 27.58518386041188, 40.46241356810342, 26.22029043301955, 52.85077608913478], [9.947879741658385, 3.713631167274217, 5.084750174933712, 15.491704032477449, 17.879287830457162, 9.9467689956592, 27.58518386041188, 0.0, 12.881861514640628, 1.3928877806146032, 25.26788920254612], [2.9987477542355774, 9.176775476253018, 17.94749244908196, 28.367950881238205, 30.757463321493972, 2.940308685458128, 40.46241356810342, 12.881861514640628, 0.0, 14.258027841845085, 12.388535603124584], [11.311809700824451, 5.100830886866135, 3.758567601797573, 14.13027126508009, 16.51489465503442, 11.326331706475237, 26.22029043301955, 1.3928877806146032, 14.258027841845085, 0.0, 26.640129361759282], [15.333757156840422, 21.56524452857334, 30.33602576031936, 40.756311772341476, 43.14556227129105, 15.328150891429067, 52.85077608913478, 25.26788920254612, 12.388535603124584, 26.640129361759282, 0.0]]