[[0.0, 0.38283140476854516, 0.8186335133420216, 1.5574745557009315, 1.6564211675188587, 1.9531422796712024, 1.967087606100543, 1.820293959225522, 1.9996407768857507, 0.5115687257208337, 0.008252932879107555], [0.38283140476854516, 1.1102230246251565e-16, 0.11428449909875871, 1.997278132151321, 0.8115414990800878, 1.8262834554294312, 1.7970602213723175, 1.9562814471705743, 1.6380350962000416, 1.385146095285196, 0.48880429922333524], [0.8186335133420216, 0.11428449909875871, 0.0, 1.9175329382235629, 0.37716937493152913, 1.4703732944913812, 1.4256211131470486, 1.71123065085032, 1.2076582892333563, 1.7695456959049196, 0.9462138410829513], [1.5574745557009315, 1.997278132151321, 1.9175329382235629, 0.0, 1.260355812057123, 0.21749515280306242, 0.2496356829611277, 0.06788403556021849, 0.42047530666773525, 0.5478587362991517, 1.4464347390498784], [1.6564211675188587, 0.8115414990800878, 0.37716937493152913, 1.260355812057123, 1.1102230246251565e-16, 0.6025584948663221, 0.5571341333461143, 0.8930117639353539, 0.3640334964427838, 1.9789031628374578, 1.747724557731462], [1.9531422796712024, 1.8262834554294312, 1.4703732944913812, 0.21749515280306242, 0.6025584948663221, 0.0, 0.0012530193864160877, 0.04511784185415113, 0.03909207545336435, 1.2015627472677504, 1.9064897232578044], [1.967087606100543, 1.7970602213723175, 1.4256211131470486, 0.2496356829611277, 0.5571341333461143, 0.0012530193864160877, 0.0, 0.06117684099374798, 0.026440338365280147, 1.2503277158735457, 1.9264841277379952], [1.820293959225522, 1.9562814471705743, 1.71123065085032, 0.06788403556021849, 0.8930117639353539, 0.04511784185415113, 0.06117684099374798, 1.1102230246251565e-16, 0.16467183615414105, 0.9015791520019815, 1.7401955353021568], [1.9996407768857507, 1.6380350962000416, 1.2076582892333563, 0.42047530666773525, 0.3640334964427838, 0.03909207545336435, 0.026440338365280147, 0.16467183615414105, 0.0, 1.4648688184825511, 1.9879546011726257], [0.5115687257208337, 1.385146095285196, 1.7695456959049196, 0.5478587362991517, 1.9789031628374578, 1.2015627472677504, 1.2503277158735457, 0.9015791520019815, 1.4648688184825511, 0.0, 0.40372353438830866], [0.008252932879107555, 0.48880429922333524, 0.9462138410829513, 1.4464347390498784, 1.747724557731462, 1.9064897232578044, 1.9264841277379952, 1.7401955353021568, 1.9879546011726257, 0.40372353438830866, 0.0]]