[[0.0, 13.507756699987464, 30.20314340721704, 35.180215244686764, 38.83477752411746, 23.47786332149713, 32.80982354078771, 25.319193157414656, 25.194351438330322, 22.10181132879671, 8.332029670938278], [13.507756699987464, 0.0, 16.979559314222513, 38.70206854528624, 27.88970795504737, 21.896914460511223, 30.500232334647098, 25.300077684989876, 22.10399276184704, 33.69070747197298, 20.655616444637975], [30.20314340721704, 16.979559314222513, 0.0, 51.43049005068252, 24.083099355060565, 33.168412352709666, 39.28715330205343, 37.05344892352872, 32.00486266766979, 50.54271998070047, 36.323865898263456], [35.180215244686764, 38.70206854528624, 51.43049005068252, 0.0, 39.96970791062461, 18.29306281293233, 15.72915861718756, 14.39854758351569, 19.880771278760392, 25.537577239364055, 40.47275743704604], [38.83477752411746, 27.88970795504737, 24.083099355060565, 39.96970791062461, 0.0, 24.49170072970963, 24.406301145966786, 27.50172980924137, 21.81799489170557, 51.23502944776581, 47.07215542453922], [23.47786332149713, 21.896914460511223, 33.168412352709666, 18.29306281293233, 24.49170072970963, 0.0, 9.37537275039169, 3.8945192556939405, 2.810208892941535, 27.65491793425383, 31.116913175373465], [32.80982354078771, 30.500232334647098, 39.28715330205343, 15.72915861718756, 24.406301145966786, 9.37537275039169, 0.0, 8.115486759375884, 8.407584000504242, 33.69864570171859, 40.29034913474552], [25.319193157414656, 25.300077684989876, 37.05344892352872, 14.39854758351569, 27.50172980924137, 3.8945192556939405, 8.115486759375884, 0.0, 5.857526497956535, 26.16285367150757, 32.47283743174844], [25.194351438330322, 22.10399276184704, 32.00486266766979, 19.880771278760392, 21.81799489170557, 2.810208892941535, 8.407584000504242, 5.857526497956535, 0.0, 30.4568800985687, 33.064572864505884], [22.10181132879671, 33.69070747197298, 50.54271998070047, 25.537577239364055, 51.23502944776581, 27.65491793425383, 33.69864570171859, 26.16285367150757, 30.4568800985687, 0.0, 21.946702404143256], [8.332029670938278, 20.655616444637975, 36.323865898263456, 40.47275743704604, 47.07215542453922, 31.116913175373465, 40.29034913474552, 32.47283743174844, 33.064572864505884, 21.946702404143256, 0.0]]