[[2.220446049250313e-16, 0.07463702954183027, 0.6813314871808998, 1.7915713696743918, 1.6495174304756453, 1.9747769767230472, 1.906382335909349, 1.7914870735935984, 1.9798392384603163, 0.36724133864894104, 0.004409583031817821], [0.07463702954183027, 1.1102230246251565e-16, 0.34579667162170513, 1.9641391913344977, 1.312805419489567, 1.9866265542205, 1.9988791257230545, 1.9641025747519554, 1.8309710273037667, 0.7080105729691737, 0.04315698708030169], [0.6813314871808998, 0.34579667162170513, 0.0, 1.8314678614030193, 0.48627379596291553, 1.5221766457942874, 1.68926951623032, 1.8315444861459174, 1.1228720383788178, 1.5323390640868646, 0.5938203552462619], [1.7915713696743918, 1.9641391913344977, 1.8314678614030193, 1.1102230246251565e-16, 0.9504907723493121, 0.0920136193677169, 0.02437922430287165, 9.512960308377671e-09, 0.34647283667681417, 1.0276869469737626, 1.8454040416069817], [1.6495174304756453, 1.312805419489567, 0.48627379596291553, 0.9504907723493121, 0.0, 0.5365604481406048, 0.7325036906801854, 0.9506285381465474, 0.21166952766003955, 1.999761538728119, 1.575327614442371], [1.9747769767230472, 1.9866265542205, 1.5221766457942874, 0.0920136193677169, 0.5365604481406048, 0.0, 0.022194606630684288, 0.09207142250844458, 0.08946409446177739, 1.4439784252042145, 1.991414537434302], [1.906382335909349, 1.9988791257230545, 1.68926951623032, 0.02437922430287165, 0.7325036906801854, 0.022194606630684288, 0.0, 0.024409505128122788, 0.19629294355162552, 1.2463910413070594, 1.9420150474132822], [1.7914870735935984, 1.9641025747519554, 1.8315444861459174, 9.512960308377671e-09, 0.9506285381465474, 0.09207142250844458, 0.024409505128122788, 0.0, 0.34657724592417294, 1.0275490651085606, 1.8453303589889578], [1.9798392384603163, 1.8309710273037667, 1.1228720383788178, 0.34647283667681417, 0.21166952766003955, 0.08946409446177739, 0.19629294355162552, 0.34657724592417294, 0.0, 1.7747070708442783, 1.9567771185517993], [0.36724133864894104, 0.7080105729691737, 1.5323390640868646, 1.0276869469737626, 1.999761538728119, 1.4439784252042145, 1.2463910413070594, 1.0275490651085606, 1.7747070708442783, 0.0, 0.4426707729110423], [0.004409583031817821, 0.04315698708030169, 0.5938203552462619, 1.8454040416069817, 1.575327614442371, 1.991414537434302, 1.9420150474132822, 1.8453303589889578, 1.9567771185517993, 0.4426707729110423, 0.0]]