[[0.0, 7.519931520707129, 23.941031709731472, 38.35349551118191, 36.56233858412955, 24.049125876409242, 34.66101246354037, 28.60815411429428, 30.454612364491844, 17.901861275802176, 3.7472064933567735], [7.519931520707129, 0.0, 16.871999733354546, 35.96452670526848, 29.51862005763631, 19.878359941695276, 31.264984292494454, 25.68543661679945, 25.242554626849817, 22.806642972087275, 9.066238928133142], [23.941031709731472, 16.871999733354546, 0.0, 42.53872924729932, 21.78645417142099, 25.81454682281055, 36.3141414100212, 32.7695730115819, 26.731695055984684, 39.21415190143893, 23.92601391240503], [38.35349551118191, 35.96452670526848, 42.53872924729932, 0.0, 30.354867051695855, 17.05116137939177, 6.598591955765309, 10.357939546308181, 16.91473298536785, 32.010127575130475, 42.02530661142467], [36.56233858412955, 29.51862005763631, 21.78645417142099, 30.354867051695855, 0.0, 19.863646567253266, 23.91802441584163, 24.33698253271474, 14.356538355915, 44.37575503045068, 38.58393092561058], [24.049125876409242, 19.878359941695276, 25.81454682281055, 17.05116137939177, 19.863646567253266, 0.0, 11.533611923066902, 6.959007334090641, 7.365264517030883, 25.615764557601185, 27.368940439379752], [34.66101246354037, 31.264984292494454, 36.3141414100212, 6.598591955765309, 23.91802441584163, 11.533611923066902, 0.0, 6.210360494714303, 10.319988842337992, 31.47444921070354, 38.1901144166918], [28.60815411429428, 25.68543661679945, 32.7695730115819, 10.357939546308181, 24.33698253271474, 6.959007334090641, 6.210360494714303, 0.0, 10.01999016025627, 25.691065314402206, 32.1904157918425], [30.454612364491844, 25.242554626849817, 26.731695055984684, 16.91473298536785, 14.356538355915, 7.365264517030883, 10.319988842337992, 10.01999016025627, 0.0, 32.91884038468532, 33.51105076361334], [17.901861275802176, 22.806642972087275, 39.21415190143893, 32.010127575130475, 44.37575503045068, 25.615764557601185, 31.47444921070354, 25.691065314402206, 32.91884038468532, 0.0, 20.76141460793035], [3.7472064933567735, 9.066238928133142, 23.92601391240503, 42.02530661142467, 38.58393092561058, 27.368940439379752, 38.1901144166918, 32.1904157918425, 33.51105076361334, 20.76141460793035, 0.0]]