[[0.0, 0.0040024832105750585, 0.46448506790056077, 1.9804438071939208, 1.9932955072284457, 0.41515132626775486, 1.9675000783809788, 1.8961104099093873, 1.5371028675522576, 0.7769921150371835, 0.0012126769859551745], [0.0040024832105750585, 0.0, 0.3911439790450003, 1.9589295027181077, 1.999652552567704, 0.4899928187129451, 1.9862294894097134, 1.9321937781977432, 1.4595588299825564, 0.6907547047645057, 0.00961079222498562], [0.46448506790056077, 0.3911439790450003, 0.0, 1.3588402711673648, 1.6295542206128486, 1.371835471772928, 1.7316665709903705, 1.8547073855331064, 0.5752549811130576, 0.057318184208348555, 0.506712969175377], [1.9804438071939208, 1.9589295027181077, 1.3588402711673648, 0.0, 0.04888013821923198, 1.7330434726409905, 0.10118530420043748, 0.20875974078359005, 0.30739736395466744, 1.0268035255373364, 1.9889438527461358], [1.9932955072284457, 1.999652552567704, 1.6295542206128486, 0.04888013821923198, 0.0, 1.4871571267758807, 0.009753925677110531, 0.05858937286097976, 0.5640111350122925, 1.334204381228786, 1.9863994877778852], [0.41515132626775486, 0.4899928187129451, 1.371835471772928, 1.7330434726409905, 1.4871571267758807, 0.0, 1.360726973724323, 1.1640786709769253, 1.9983361203996939, 1.660289265338053, 0.37592562431664456], [1.9675000783809788, 1.9862294894097134, 1.7316665709903705, 0.10118530420043748, 0.009753925677110531, 1.360726973724323, 1.1102230246251565e-16, 0.020781195681822573, 0.6936536172652112, 1.462262726811206, 1.9538772419974313], [1.8961104099093873, 1.9321937781977432, 1.8547073855331064, 0.20875974078359005, 0.05858937286097976, 1.1640786709769253, 0.020781195681822573, 0.0, 0.8930755803293741, 1.6324937257637924, 1.873172598113578], [1.5371028675522576, 1.4595588299825564, 0.5752549811130576, 0.30739736395466744, 0.5640111350122925, 1.9983361203996939, 0.6936536172652112, 0.8930755803293741, 0.0, 0.29750400854457215, 1.5779803534825845], [0.7769921150371835, 0.6907547047645057, 0.057318184208348555, 1.0268035255373364, 1.334204381228786, 1.660289265338053, 1.462262726811206, 1.6324937257637924, 0.29750400854457215, 0.0, 0.8252556507095337], [0.0012126769859551745, 0.00961079222498562, 0.506712969175377, 1.9889438527461358, 1.9863994877778852, 0.37592562431664456, 1.9538772419974313, 1.873172598113578, 1.5779803534825845, 0.8252556507095337, 0.0]]