[[0.0, 4.406403014401997, 9.790721920272015, 24.120268130590965, 21.526255129880465, 9.827363744702975, 25.99549667469462, 16.17661345350134, 12.443227462812413, 11.30876982564767, 4.466339235148686], [4.406403014401997, 0.0, 6.569020526965092, 19.718216001624924, 17.228992910442592, 6.119573610898816, 21.807809971428533, 12.012442587104674, 8.039671218762923, 6.928173436587675, 8.871678530047483], [9.790721920272015, 6.569020526965092, 0.0, 17.134339678047763, 16.11323275384802, 9.542697795653845, 21.05613725095271, 12.344876968037775, 7.139613029085845, 7.041958548796136, 13.797156148098727], [24.120268130590965, 19.718216001624924, 17.134339678047763, 0.0, 4.451939228920988, 15.515906148742339, 6.487947189954443, 9.296224055872196, 11.678678033777, 12.832537025470074, 28.577071012427908], [21.526255129880465, 17.228992910442592, 16.11323275384802, 4.451939228920988, 0.0, 12.18891895552238, 4.9473773312612765, 5.585687370938067, 9.499766863663742, 10.372251749064903, 25.89491973182765], [9.827363744702975, 6.119573610898816, 9.542697795653845, 15.515906148742339, 12.18891895552238, 0.0, 16.33548127539979, 6.62319860163036, 5.169707573499048, 3.9609906093512257, 13.962609046953665], [25.99549667469462, 21.807809971428533, 21.05613725095271, 6.487947189954443, 4.9473773312612765, 16.33548127539979, 0.0, 9.81916172096494, 14.331868519061416, 15.096888866842233, 30.267932201040736], [16.17661345350134, 12.012442587104674, 12.344876968037775, 9.296224055872196, 5.585687370938067, 6.62319860163036, 9.81916172096494, 0.0, 5.2052879814640685, 5.570687698057414, 20.468673287169302], [12.443227462812413, 8.039671218762923, 7.139613029085845, 11.678678033777, 9.499766863663742, 5.169707573499048, 14.331868519061416, 5.2052879814640685, 0.0, 1.3131950180924812, 16.90367861182697], [11.30876982564767, 6.928173436587675, 7.041958548796136, 12.832537025470074, 10.372251749064903, 3.9609906093512257, 15.096888866842233, 5.570687698057414, 1.3131950180924812, 0.0, 15.753714737005087], [4.466339235148686, 8.871678530047483, 13.797156148098727, 28.577071012427908, 25.89491973182765, 13.962609046953665, 30.267932201040736, 20.468673287169302, 16.90367861182697, 15.753714737005087, 0.0]]