[[1.1102230246251565e-16, 0.034035190687487726, 0.6150168003889364, 1.7432651975932338, 1.9757671833753738, 0.8029505710620103, 1.9846641034519812, 1.288402738907663, 0.8547507943503055, 1.2297991017513032, 2.072940502806375e-06], [0.034035190687487726, 1.1102230246251565e-16, 0.8668556633803641, 1.8910198030683305, 1.9991574603699527, 0.5560553393777832, 1.9962792854237106, 1.0309046277081026, 0.6037640703202003, 1.473728761883961, 0.03351049691109631], [0.6150168003889364, 0.8668556633803641, 0.0, 0.6687116036805193, 1.173707824080803, 1.8289676106893245, 1.2180650645160729, 1.9947380249203892, 1.8572175666277935, 0.19024441377091206, 0.616896802460432], [1.7432651975932338, 1.8910198030683305, 0.6687116036805193, 0.0, 0.12836210246556068, 1.8023402272499625, 0.15141964444209144, 1.4262109606327367, 1.7698609312274867, 0.17810506694428618, 1.7446258299301558], [1.9757671833753738, 1.9991574603699527, 1.173707824080803, 0.12836210246556068, 0.0, 1.4067955967338905, 0.0010230587795413415, 0.9280999449118277, 1.3582202794046525, 0.5628140449469183, 1.976210691766144], [0.8029505710620103, 0.5560553393777832, 1.8289676106893245, 1.8023402272499625, 1.4067955967338905, 0.0, 1.365067834890822, 0.11809375057771787, 0.001382145492957454, 1.9994381291003975, 0.8009547584466942], [1.9846641034519812, 1.9962792854237106, 1.2180650645160729, 0.15141964444209144, 0.0010230587795413415, 1.365067834890822, 0.0, 0.8830680855414181, 1.3156324324474167, 0.6039330873228113, 1.985017289560147], [1.288402738907663, 1.0309046277081026, 1.9947380249203892, 1.4262109606327367, 0.9280999449118277, 0.11809375057771787, 0.8830680855414181, 0.0, 0.09453536002019547, 1.8656097271701806, 1.286452515797352], [0.8547507943503055, 0.6037640703202003, 1.8572175666277935, 1.7698609312274867, 1.3582202794046525, 0.001382145492957454, 1.3156324324474167, 0.09453536002019547, 0.0, 1.996295132954939, 0.8527365459223057], [1.2297991017513032, 1.473728761883961, 0.19024441377091206, 0.17810506694428618, 0.5628140449469183, 1.9994381291003975, 0.6039330873228113, 1.8656097271701806, 1.996295132954939, 0.0, 1.2317802769241704], [2.072940502806375e-06, 0.03351049691109631, 0.616896802460432, 1.7446258299301558, 1.976210691766144, 0.8009547584466942, 1.985017289560147, 1.286452515797352, 0.8527365459223057, 1.2317802769241704, 0.0]]