[[0.0, 4.102331507398361, 6.438046442536012, 12.41884578538532, 14.006661974562475, 9.158051603177132, 15.742586176489361, 11.480008265635497, 10.312470492725671, 10.238572318240834, 3.44673213516899], [4.102331507398361, 0.0, 4.880536129011942, 9.14071460273174, 10.142442504858355, 6.949577434524628, 11.846070582111897, 8.160908130548005, 8.19645233795326, 8.037166739769052, 7.519017699999769], [6.438046442536012, 4.880536129011942, 0.0, 6.633272388847806, 9.267394846869296, 11.65003497605639, 10.970772431791909, 12.014728350088115, 12.880992455587577, 3.8118089195247964, 9.370746674902442], [12.41884578538532, 9.14071460273174, 6.633272388847806, 0.0, 3.636136595725221, 13.615484167348297, 4.953569286724885, 12.025340055180507, 14.607556588345503, 3.884977139661308, 15.692909948174773], [14.006661974562475, 10.142442504858355, 9.267394846869296, 3.636136595725221, 0.0, 12.688956653485542, 1.7497518195940276, 10.230617082483825, 13.45595599295371, 7.365197875577387, 17.43665201409615], [9.158051603177132, 6.949577434524628, 11.65003497605639, 13.615484167348297, 12.688956653485542, 0.0, 13.933282228233729, 3.7249370371123725, 1.2471719584390881, 14.088750214980134, 11.445937676782512], [15.742586176489361, 11.846070582111897, 10.970772431791909, 4.953569286724885, 1.7497518195940276, 13.933282228233729, 0.0, 11.172008140969622, 14.605143612544916, 8.818416744027433, 19.176491729741905], [11.480008265635497, 8.160908130548005, 12.014728350088115, 12.025340055180507, 10.230617082483825, 3.7249370371123725, 11.172008140969622, 0.0, 3.7969253607195896, 13.505226312831887, 14.301914126853788], [10.312470492725671, 8.19645233795326, 12.880992455587577, 14.607556588345503, 13.45595599295371, 1.2471719584390881, 14.605143612544916, 3.7969253607195896, 0.0, 15.245664926467265, 12.450762894808701], [10.238572318240834, 8.037166739769052, 3.8118089195247964, 3.884977139661308, 7.365197875577387, 14.088750214980134, 8.818416744027433, 13.505226312831887, 15.245664926467265, 0.0, 13.157298302936779], [3.44673213516899, 7.519017699999769, 9.370746674902442, 15.692909948174773, 17.43665201409615, 11.445937676782512, 19.176491729741905, 14.301914126853788, 12.450762894808701, 13.157298302936779, 0.0]]