[[0.0, 1.5794104006804697, 1.7543025472068317, 1.9035415695362672, 1.9991729359190498, 0.42892737950011606, 1.9981168558415925, 0.9050553577224676, 0.538959306830809, 1.4386366094420309, 0.008162533165239627], [1.5794104006804697, 0.0, 1.098042339732116, 0.8257218819378787, 0.45421026018354926, 0.6618227819261246, 0.37168543474083704, 0.24365785174287669, 0.543885997906089, 1.4782932728548757, 1.470756863886434], [1.7543025472068317, 1.098042339732116, 0.0, 0.03713419160176257, 0.21962523911982934, 1.9697042259784951, 0.28739006171137715, 1.7251781339871832, 1.930352414826785, 0.0791377885023149, 1.831858353432616], [1.9035415695362672, 0.8257218819378787, 0.03713419160176257, 0.0, 0.07978179035336463, 1.8677436726754268, 0.12444465848452912, 1.5123511492684956, 1.7968117261805943, 0.21859544065595726, 1.9508038672602002], [1.9991729359190498, 0.45421026018354926, 0.21962523911982934, 0.07978179035336463, 1.1102230246251565e-16, 1.6039801872725576, 0.0052029409984594155, 1.135344990222691, 1.4967424882864862, 0.525184167286981, 1.99620197973615], [0.42892737950011606, 0.6618227819261246, 1.9697042259784951, 1.8677436726754268, 1.6039801872725576, 0.0, 1.519642250194814, 0.12858853939442583, 0.008263271130133809, 1.9882066555466626, 0.328917038930177], [1.9981168558415925, 0.37168543474083704, 0.28739006171137715, 0.12444465848452912, 0.0052029409984594155, 1.519642250194814, 0.0, 1.0337017593445392, 1.4057396000242908, 0.6173145613975337, 1.9821481650179056], [0.9050553577224676, 0.24365785174287669, 1.7251781339871832, 1.5123511492684956, 1.135344990222691, 0.12858853939442583, 1.0337017593445392, 0.0, 0.07285634904380156, 1.9362510503079071, 0.778897774164324], [0.538959306830809, 0.543885997906089, 1.930352414826785, 1.7968117261805943, 1.4967424882864862, 0.008263271130133809, 1.4057396000242908, 0.07285634904380156, 0.0, 1.999685346935617, 0.42957412641109305], [1.4386366094420309, 1.4782932728548757, 0.0791377885023149, 0.21859544065595726, 0.525184167286981, 1.9882066555466626, 0.6173145613975337, 1.9362510503079071, 1.999685346935617, 0.0, 1.5496436657570212], [0.008162533165239627, 1.470756863886434, 1.831858353432616, 1.9508038672602002, 1.99620197973615, 0.328917038930177, 1.9821481650179056, 0.778897774164324, 0.42957412641109305, 1.5496436657570212, 0.0]]