[[0.0, 4.460489984695062, 6.686274014835931, 11.102732981165476, 10.858396993705954, 4.83322879193634, 12.163569654099435, 8.093466102168444, 6.296383289733134, 8.611688906173022, 3.979239354026403], [4.460489984695062, 0.0, 4.734104579408368, 8.193443812071028, 6.966646745099049, 5.527169238509612, 8.059568735916613, 6.439284583110992, 6.433424615718635, 7.987954306233208, 8.071441540040789], [6.686274014835931, 4.734104579408368, 0.0, 4.483186807256967, 5.301610759975574, 9.912273622675032, 6.858832198720904, 11.150688877865024, 11.019572524393594, 3.4590206575153486, 10.62001350567674], [11.102732981165476, 8.193443812071028, 4.483186807256967, 0.0, 3.2564395368462824, 13.714115451516465, 4.431505714110631, 14.007830707834648, 14.595402349654073, 5.1942969202772105, 15.066855487526086], [10.858396993705954, 6.966646745099049, 5.301610759975574, 3.2564395368462824, 0.0, 12.316940223345537, 1.567541713057656, 11.790046664535792, 12.925786798185175, 7.579754119156515, 14.782215655339018], [4.83322879193634, 5.527169238509612, 9.912273622675032, 13.714115451516465, 12.316940223345537, 0.0, 13.196387813360221, 3.938113472154822, 1.4724347008312064, 12.687927390141882, 5.292988874198402], [12.163569654099435, 8.059568735916613, 6.858832198720904, 4.431505714110631, 1.567541713057656, 13.196387813360221, 0.0, 12.226064036691243, 13.66395280922978, 9.09552440110553, 16.03318090396393], [8.093466102168444, 6.439284583110992, 11.150688877865024, 14.007830707834648, 11.790046664535792, 3.938113472154822, 12.226064036691243, 0.0, 2.9273001935978966, 14.420362546603359, 9.231046685486943], [6.296383289733134, 6.433424615718635, 11.019572524393594, 14.595402349654073, 12.925786798185175, 1.4724347008312064, 13.66395280922978, 2.9273001935978966, 0.0, 13.940698183853579, 6.508217133149908], [8.611688906173022, 7.987954306233208, 3.4590206575153486, 5.1942969202772105, 7.579754119156515, 12.687927390141882, 9.09552440110553, 14.420362546603359, 13.940698183853579, 0.0, 12.149859495371285], [3.979239354026403, 8.071441540040789, 10.62001350567674, 15.066855487526086, 14.782215655339018, 5.292988874198402, 16.03318090396393, 9.231046685486943, 6.508217133149908, 12.149859495371285, 0.0]]