[[0.0, 0.07130963537401669, 0.03117691457632288, 0.8400483071268996, 1.614359532169166, 1.999969797045586, 1.9837302708954985, 1.8607979121984015, 0.08127083742454277, 1.9508642624138448, 0.07457998022700929], [0.07130963537401669, 0.0, 0.008382427974946594, 1.217535619987585, 1.2779346365135322, 1.9257799980866528, 1.9802057645214588, 1.6106686894582647, 0.2932317719626705, 1.9978785016115093, 0.28110464192654727], [0.03117691457632288, 0.008382427974946594, 0.0, 1.089598806738764, 1.3997216400120671, 1.9668682672544244, 1.9975699598221666, 1.707867478381408, 0.20774894859912296, 1.9979257507203338, 0.19731619710078518], [0.8400483071268996, 1.217535619987585, 1.089598806738764, 1.1102230246251565e-16, 1.8771352242153818, 1.167618860445998, 0.9800106088030458, 1.6400802192211237, 0.46324371850734414, 0.8464705349885874, 0.47791346512875876], [1.614359532169166, 1.2779346365135322, 1.3997216400120671, 1.8771352242153818, 1.1102230246251565e-16, 0.3795266601735483, 0.5373858772518283, 0.06958814641928424, 1.876007194923051, 0.6601163564152392, 1.8675365600776361], [1.999969797045586, 1.9257799980866528, 1.9668682672544244, 1.167618860445998, 0.3795266601735483, 0.0, 0.01769570583089819, 0.135272517923834, 1.9217705114033279, 0.051570750553466826, 1.9283372389312794], [1.9837302708954985, 1.9802057645214588, 1.9975699598221666, 0.9800106088030458, 0.5373858772518283, 0.01769570583089819, 0.0, 0.2446402432145227, 1.8328393206304296, 0.008984408247316389, 1.8422859130704539], [1.8607979121984015, 1.6106686894582647, 1.707867478381408, 1.6400802192211237, 0.06958814641928424, 0.135272517923834, 0.2446402432145227, 0.0, 1.9918172958730096, 0.33907209571095775, 1.9894614819043697], [0.08127083742454277, 0.2932317719626705, 0.20774894859912296, 0.46324371850734414, 1.876007194923051, 1.9217705114033279, 1.8328393206304296, 1.9918172958730096, 2.220446049250313e-16, 1.7513261418339068, 0.00014950941547853258], [1.9508642624138448, 1.9978785016115093, 1.9979257507203338, 0.8464705349885874, 0.6601163564152392, 0.051570750553466826, 0.008984408247316389, 0.33907209571095775, 1.7513261418339068, 0.0, 1.762625019397381], [0.07457998022700929, 0.28110464192654727, 0.19731619710078518, 0.47791346512875876, 1.8675365600776361, 1.9283372389312794, 1.8422859130704539, 1.9894614819043697, 0.00014950941547853258, 1.762625019397381, 0.0]]