[[0.0, 2.242472133339886, 16.694632344705564, 13.911562978422165, 31.71712031279746, 9.053119658294085, 17.13317255399652, 21.747020603531055, 3.7313042650350448, 17.5432450578733, 19.66418236829777], [2.242472133339886, 0.0, 17.626465180978855, 15.304888849510514, 29.48691705124464, 7.78623676120893, 16.007885448103483, 19.771152215857555, 3.399138862676622, 16.6054760129967, 21.7717071269444], [16.694632344705564, 17.626465180978855, 0.0, 27.05795531533667, 41.99379663822983, 25.412696477510675, 33.632479927227486, 35.921190192220514, 20.413694971494753, 34.17413766757808, 14.988557535882714], [13.911562978422165, 15.304888849510514, 27.05795531533667, 0.0, 40.35674514396641, 14.555199698421928, 17.629932066140086, 27.414966127007883, 12.541997178465234, 16.718265289129054, 21.203342882961074], [31.71712031279746, 29.48691705124464, 41.99379663822983, 40.35674514396641, 0.0, 25.941793182412834, 24.750847900327983, 13.825100785168338, 29.90688186485556, 26.33371247583838, 50.95008801816891], [9.053119658294085, 7.78623676120893, 25.412696477510675, 14.555199698421928, 25.941793182412834, 0.0, 8.224588567384695, 13.845241905880703, 5.513753021513796, 8.915336724926643, 27.958780892673207], [17.13317255399652, 16.007885448103483, 33.632479927227486, 17.629932066140086, 24.750847900327983, 8.224588567384695, 0.0, 10.94283689436974, 13.439290811128869, 1.6622984701314103, 35.052777073796044], [21.747020603531055, 19.771152215857555, 35.921190192220514, 27.414966127007883, 13.825100785168338, 13.845241905880703, 10.94283689436974, 0.0, 18.89976185362648, 12.511132646086029, 41.359633332145236], [3.7313042650350448, 3.399138862676622, 20.413694971494753, 12.541997178465234, 29.90688186485556, 5.513753021513796, 13.439290811128869, 18.89976185362648, 0.0, 13.814440004782188, 22.548779934630304], [17.5432450578733, 16.6054760129967, 34.17413766757808, 16.718265289129054, 26.33371247583838, 8.915336724926643, 1.6622984701314103, 12.511132646086029, 13.814440004782188, 0.0, 34.87720398321758], [19.66418236829777, 21.7717071269444, 14.988557535882714, 21.203342882961074, 50.95008801816891, 27.958780892673207, 35.052777073796044, 41.359633332145236, 22.548779934630304, 34.87720398321758, 0.0]]