[[2.220446049250313e-16, 0.9873570768980667, 1.3064865524097418, 0.0115202995573217, 1.164854571301842, 1.6185933076499017, 1.4260459947302788, 1.621415585550661, 1.9960177104688759, 1.01920910477327, 0.042769279779353186], [0.9873570768980667, 0.0, 0.052075976254780776, 1.138844129745297, 0.015845190046593016, 1.7934693759995128, 1.9100156619965556, 1.791275012735839, 0.9234441043251563, 1.9999784371599167, 0.6985952514071745], [1.3064865524097418, 0.052075976254780776, 0.0, 1.4470253460746034, 0.010622965606569834, 1.5583084483113225, 1.730585364858545, 1.555320564256267, 0.6098689831709024, 1.94581202368034, 1.017976466444839], [0.0115202995573217, 1.138844129745297, 1.4470253460746034, 0.0, 1.3122380607811257, 1.4925467655749174, 1.284208078687696, 1.4956740820985317, 1.9980372996489626, 0.8676622371439653, 0.09758731836662593], [1.164854571301842, 0.015845190046593016, 0.010622965606569834, 1.3122380607811257, 0.0, 1.6729832187966678, 1.8220876436620679, 1.6703182441990008, 0.7478661677042693, 1.982969188930146, 0.872436768672324], [1.6185933076499017, 1.7934693759995128, 1.5583084483113225, 1.4925467655749174, 1.6729832187966678, 0.0, 0.02561656260553724, 6.469574384881938e-06, 0.45392067395944236, 0.20255100309868035, 1.8194629858194213], [1.4260459947302788, 1.9100156619965556, 1.730585364858545, 1.284208078687696, 1.8220876436620679, 0.02561656260553724, 2.220446049250313e-16, 0.026431828833709647, 0.6563098461989628, 0.08728146255372882, 1.6695776907543993], [1.621415585550661, 1.791275012735839, 1.555320564256267, 1.4956740820985317, 1.6703182441990008, 6.469574384881938e-06, 0.026431828833709647, 0.0, 0.4509107982921692, 0.20472660152071853, 1.8215192960410633], [1.9960177104688759, 0.9234441043251563, 0.6098689831709024, 1.9980372996489626, 0.7478661677042693, 0.45392067395944236, 0.6563098461989628, 0.4509107982921692, 0.0, 1.0700065379299568, 1.9276237468180173], [1.01920910477327, 1.9999784371599167, 1.94581202368034, 0.8676622371439653, 1.982969188930146, 0.20255100309868035, 0.08728146255372882, 0.20472660152071853, 1.0700065379299568, 2.220446049250313e-16, 1.3076598397189407], [0.042769279779353186, 0.6985952514071745, 1.017976466444839, 0.09758731836662593, 0.872436768672324, 1.8194629858194213, 1.6695776907543993, 1.8215192960410633, 1.9276237468180173, 1.3076598397189407, 0.0]]