[[0.0, 0.2712776484480385, 0.3928914746851505, 1.1218423786779514, 1.9826357938188597, 0.009563352370308476, 0.9815350897719877, 1.1081750688091514, 0.10491768690174363, 1.75151055201178, 0.6323931106505951], [0.2712776484480385, 0.0, 1.1017488537100764, 1.768496335905159, 1.8431315092728595, 0.3727286358427996, 0.30185169241523035, 1.7596203022524328, 0.04237641193627517, 1.0958594332504037, 0.09525684528644296], [0.3928914746851505, 1.1017488537100764, 2.220446049250313e-16, 0.2852729586645205, 1.4491291067220866, 0.28906525873514144, 1.7832732468020076, 0.27571801525294304, 0.8109092271633361, 1.9804753114883766, 1.5158034473018511], [1.1218423786779514, 1.768496335905159, 0.2852729586645205, 1.1102230246251565e-16, 0.6961108621453012, 0.9837368122901422, 1.9946300499670817, 9.464967058681051e-05, 1.5516377012895748, 1.5632399599299474, 1.9678425137300373], [1.9826357938188597, 1.8431315092728595, 1.4491291067220866, 0.6961108621453012, 0.0, 1.9476391951649494, 1.2036575123944242, 0.7092472442818657, 1.9622745496468745, 0.3839466886388171, 1.5337769373999477], [0.009563352370308476, 0.3727286358427996, 0.28906525873514144, 0.9837368122901422, 1.9476391951649494, 0.0, 1.1196564365692487, 0.9699818870439235, 0.1749978621038416, 1.8353441748852357, 0.7642165845514476], [0.9815350897719877, 0.30185169241523035, 1.7832732468020076, 1.9946300499670817, 1.2036575123944242, 1.1196564365692487, 0.0, 1.9959598121198852, 0.537647462504798, 0.3542679813657742, 0.06338944857504525], [1.1081750688091514, 1.7596203022524328, 0.27571801525294304, 9.464967058681051e-05, 0.7092472442818657, 0.9699818870439235, 1.9959598121198852, 0.0, 1.5401099265378877, 1.5745550285433199, 1.9642899165916148], [0.10491768690174363, 0.04237641193627517, 0.8109092271633361, 1.5516377012895748, 1.9622745496468745, 0.1749978621038416, 0.537647462504798, 1.5401099265378877, 0.0, 1.378493554638833, 0.25628204505581575], [1.75151055201178, 1.0958594332504037, 1.9804753114883766, 1.5632399599299474, 0.3839466886388171, 1.8353441748852357, 0.3542679813657742, 1.5745550285433199, 1.378493554638833, 0.0, 0.6627322134235611], [0.6323931106505951, 0.09525684528644296, 1.5158034473018511, 1.9678425137300373, 1.5337769373999477, 0.7642165845514476, 0.06338944857504525, 1.9642899165916148, 0.25628204505581575, 0.6627322134235611, 0.0]]