[[0.0, 2.9999898916643106, 7.2453794893040255, 15.71806976129564, 16.36562706011423, 2.1337527744611116, 5.849816765275063, 15.884390210522511, 4.16772368249732, 16.107880928474618, 22.392066650290175], [2.9999898916643106, 0.0, 9.905848546741003, 17.2317508684146, 14.924911083845071, 5.0215251787510375, 2.8847035938063437, 17.436103760324958, 4.547801961982431, 13.28290106924334, 20.696679686997786], [7.2453794893040255, 9.905848546741003, 0.0, 10.287584603917974, 17.994207508545834, 6.3388816378615145, 12.364054205888916, 10.348505899359514, 10.635306288328811, 21.467349174300402, 29.312830574915232], [15.71806976129564, 17.2317508684146, 10.287584603917974, 0.0, 15.83416230264622, 15.813191941764307, 18.516544610897313, 0.306803219158826, 19.807065722195627, 24.00257555924035, 37.90923991658282], [16.36562706011423, 14.924911083845071, 17.994207508545834, 15.83416230264622, 0.0, 18.20632222387071, 13.422515886730581, 16.139889928250387, 19.467736487625913, 10.788203188601708, 31.735115240001797], [2.1337527744611116, 5.0215251787510375, 6.3388816378615145, 15.813191941764307, 18.20632222387071, 0.0, 7.904633346038629, 15.943376966938793, 4.297048345536401, 18.229243249963982, 22.97639123952257], [5.849816765275063, 2.8847035938063437, 12.364054205888916, 18.516544610897313, 13.422515886730581, 7.904633346038629, 0.0, 18.75150507046702, 6.754644382262583, 10.446065952362288, 19.966319918897085], [15.884390210522511, 17.436103760324958, 10.348505899359514, 0.306803219158826, 16.139889928250387, 15.943376966938793, 18.75150507046702, 0.0, 19.961039105888673, 24.297669224346922, 38.104663815057066], [4.16772368249732, 4.547801961982431, 10.635306288328811, 19.807065722195627, 19.467736487625913, 4.297048345536401, 6.754644382262583, 19.961039105888673, 0.0, 16.96147249022544, 18.67957079218448], [16.107880928474618, 13.28290106924334, 21.467349174300402, 24.00257555924035, 10.788203188601708, 18.229243249963982, 10.446065952362288, 24.297669224346922, 16.96147249022544, 0.0, 22.711950957116752], [22.392066650290175, 20.696679686997786, 29.312830574915232, 37.90923991658282, 31.735115240001797, 22.97639123952257, 19.966319918897085, 38.104663815057066, 18.67957079218448, 22.711950957116752, 0.0]]