[[0.0, 0.306801010436489, 1.912900683318902, 1.8848560165802217, 1.9977182511845601, 0.19976243254791892, 1.9961309109366434, 0.46318450106099396, 0.1503702355462594, 1.9227175725221786, 0.10651486237575936], [0.306801010436489, 0.0, 1.3386263632876303, 1.2776111284640377, 1.6429560147817237, 0.877495483142131, 1.6271764731283627, 1.2359734085830651, 0.7911443905127835, 1.3617960064394752, 0.05695508008459926], [1.912900683318902, 1.3386263632876303, 0.0, 0.002056907433705679, 0.06162388731829593, 1.9753171255263626, 0.05475966946054278, 1.8344420418220424, 1.9908943295324875, 0.0003059454863092448, 1.6323517224337034], [1.8848560165802217, 1.2776111284640377, 0.002056907433705679, 0.0, 0.08571009850179778, 1.9874661624954055, 0.07762655675022068, 1.868054233682909, 1.9974875070413338, 0.003947856830290419, 1.581389277723253], [1.9977182511845601, 1.6429560147817237, 0.06162388731829593, 0.08571009850179778, 2.220446049250313e-16, 1.83889930286638, 0.00020866038902189743, 1.5925531036557996, 1.8832972203748, 0.05336233247662181, 1.8611258778383415], [0.19976243254791892, 0.877495483142131, 1.9753171255263626, 1.9874661624954055, 1.83889930286638, 0.0, 1.8498425998924137, 0.06446763132351829, 0.0038336921057289253, 1.969557129204508, 0.554312972288839], [1.9961309109366434, 1.6271764731283627, 0.05475966946054278, 0.07762655675022068, 0.00020866038902189743, 1.8498425998924137, 1.1102230246251565e-16, 1.6088843449668033, 1.8926895340079724, 0.04697612372019677, 1.8505610901362117], [0.46318450106099396, 1.2359734085830651, 1.8344420418220424, 1.868054233682909, 1.5925531036557996, 0.06446763132351829, 1.6088843449668033, 0.0, 0.0989555669937704, 1.8205556503276907, 0.8992627416407929], [0.1503702355462594, 0.7911443905127835, 1.9908943295324875, 1.9974875070413338, 1.8832972203748, 0.0038336921057289253, 1.8926895340079724, 0.0989555669937704, 0.0, 1.9872608659365285, 0.4777108030235192], [1.9227175725221786, 1.3617960064394752, 0.0003059454863092448, 0.003947856830290419, 0.05336233247662181, 1.969557129204508, 0.04697612372019677, 1.8205556503276907, 1.9872608659365285, 0.0, 1.6513196442442473], [0.10651486237575936, 0.05695508008459926, 1.6323517224337034, 1.581389277723253, 1.8611258778383415, 0.554312972288839, 1.8505610901362117, 0.8992627416407929, 0.4777108030235192, 1.6513196442442473, 0.0]]