[[0.0, 3.202305371758577, 8.093668051698742, 13.008297153608487, 10.26199233810106, 4.841258640131292, 11.442237193701349, 6.786902516663996, 4.629377687732199, 11.703134113237665, 4.635339120037862], [3.202305371758577, 0.0, 4.9266979615766235, 9.806135757340046, 7.252081435976306, 7.383727932077931, 8.404764740943145, 8.495467844164901, 7.37181093406819, 8.511298801000958, 6.52240861176899], [8.093668051698742, 4.9266979615766235, 0.0, 5.076432505394271, 2.6890233533362773, 11.598548861759259, 3.679886538796429, 11.813645051206914, 11.757505162823156, 3.6380927384365243, 11.053592503870393], [13.008297153608487, 9.806135757340046, 5.076432505394271, 0.0, 4.400638907804877, 16.673968903733343, 3.777768321873677, 16.76423598150473, 16.832193196592584, 1.615550736163025, 15.285614987054057], [10.26199233810106, 7.252081435976306, 2.6890233533362773, 4.400638907804877, 0.0, 13.099929408884469, 1.19289240863564, 12.763493363284402, 13.369865278800152, 2.818997020742598, 13.61387097378454], [4.841258640131292, 7.383727932077931, 11.598548861759259, 16.673968903733343, 13.099929408884469, 0.0, 14.273959487241417, 2.840781617237094, 0.6651697250746879, 15.183881677750447, 8.057753028138578], [11.442237193701349, 8.404764740943145, 3.679886538796429, 3.777768321873677, 1.19289240863564, 14.273959487241417, 0.0, 13.868048813451976, 14.552035590188993, 2.3886416724444546, 14.70855925551782], [6.786902516663996, 8.495467844164901, 11.813645051206914, 16.76423598150473, 12.763493363284402, 2.840781617237094, 13.868048813451976, 0.0, 3.4984007093685983, 15.18699265694053, 10.666174427987823], [4.629377687732199, 7.37181093406819, 11.757505162823156, 16.832193196592584, 13.369865278800152, 0.6651697250746879, 14.552035590188993, 3.4984007093685983, 0.0, 15.368381909341602, 7.53459200920395], [11.703134113237665, 8.511298801000958, 3.6380927384365243, 1.615550736163025, 2.818997020742598, 15.183881677750447, 2.3886416724444546, 15.18699265694053, 15.368381909341602, 0.0, 14.310523179104212], [4.635339120037862, 6.52240861176899, 11.053592503870393, 15.285614987054057, 13.61387097378454, 8.057753028138578, 14.70855925551782, 10.666174427987823, 7.53459200920395, 14.310523179104212, 0.0]]