[[0.0, 0.6417287314878326, 0.9222738287707161, 1.8902773364010366, 1.6681643313043524, 0.6802928475151799, 1.48047736653467, 0.9791755980736344, 1.7884728453246188, 0.9219629295439498, 0.001318164727687976], [0.6417287314878326, 0.0, 0.04135984395740078, 0.8937738336257415, 0.5447598218819105, 1.7700760410195433, 1.9909304657441278, 1.925954291989815, 0.7082474346874301, 1.9028119869890752, 0.5942800138001865], [0.9222738287707161, 0.04135984395740078, 0.0, 0.6151568275701793, 0.31017095914688464, 1.9198003128710197, 1.911699622609066, 1.995139948700067, 0.4480761506773818, 1.9878689059749064, 0.8712032899823918], [1.8902773364010366, 0.8937738336257415, 0.6151568275701793, 1.1102230246251565e-16, 0.06631061559339935, 1.7161447961530087, 0.9716474047514395, 1.4738595139202237, 0.017926264243534717, 1.5235045955427817, 1.8657279435215908], [1.6681643313043524, 0.5447598218819105, 0.31017095914688464, 0.06631061559339935, 0.0, 1.9185821274612929, 1.3314675028499727, 1.7577665094661523, 0.015550367514000185, 1.793886413135844, 1.629094638854197], [0.6802928475151799, 1.7700760410195433, 1.9198003128710197, 1.7161447961530087, 1.9185821274612929, 0.0, 0.3226334113631062, 0.046031355565708476, 1.8348689127347868, 0.03042407709866013, 0.7293486575428567], [1.48047736653467, 1.9909304657441278, 1.911699622609066, 0.9716474047514395, 1.3314675028499727, 0.3226334113631062, 0.0, 0.1331887073139798, 1.160577037311917, 0.16316238952325546, 1.5248592818989497], [0.9791755980736344, 1.925954291989815, 1.995139948700067, 1.4738595139202237, 1.7577665094661523, 0.046031355565708476, 0.1331887073139798, 0.0, 1.6313556637088746, 0.0016406567883482381, 1.0305201932639179], [1.7884728453246188, 0.7082474346874301, 0.4480761506773818, 0.017926264243534717, 0.015550367514000185, 1.8348689127347868, 1.160577037311917, 1.6313556637088746, 2.220446049250313e-16, 1.6747239974318906, 1.7558630478595254], [0.9219629295439498, 1.9028119869890752, 1.9878689059749064, 1.5235045955427817, 1.793886413135844, 0.03042407709866013, 0.16316238952325546, 0.0016406567883482381, 1.6747239974318906, 0.0, 0.9732375433280939], [0.001318164727687976, 0.5942800138001865, 0.8712032899823918, 1.8657279435215908, 1.629094638854197, 0.7293486575428567, 1.5248592818989497, 1.0305201932639179, 1.7558630478595254, 0.9732375433280939, 2.220446049250313e-16]]