[[0.0, 9.686572845236192, 30.770692322703734, 23.99737896716883, 34.469535695515056, 9.534075339162355, 23.33710628162641, 14.52112185186097, 11.191012587372576, 40.68447315620534, 12.986301869251974], [9.686572845236192, 0.0, 23.764056163113274, 15.495861463606243, 24.801449528410878, 10.792850961165353, 23.37489425955681, 17.04174432480239, 6.220083931193897, 46.194290294417314, 21.062327395753353], [30.770692322703734, 23.764056163113274, 0.0, 27.806932089051912, 22.59661037735393, 34.539369580599974, 45.876531445458966, 40.729894696563875, 29.063417641587815, 69.9559354577615, 35.22706863064346], [23.99737896716883, 15.495861463606243, 27.806932089051912, 0.0, 14.29435903553935, 18.65423750649858, 22.146658240264085, 22.089443586772948, 13.200943408732755, 49.604183209887495, 36.394560400032184], [34.469535695515056, 24.801449528410878, 22.59661037735393, 14.29435903553935, 0.0, 31.69463034546265, 36.37452905350627, 35.9990193072895, 25.49457670791265, 63.89677059382083, 45.08947974206703], [9.534075339162355, 10.792850961165353, 34.539369580599974, 18.65423750649858, 31.69463034546265, 0.0, 14.042601210041493, 6.293164721585563, 6.366332317294444, 35.45378694039573, 22.024925267903395], [23.33710628162641, 23.37489425955681, 45.876531445458966, 22.146658240264085, 36.37452905350627, 14.042601210041493, 0.0, 9.26148994427561, 17.252565681513897, 27.680652850135797, 34.841657593349346], [14.52112185186097, 17.04174432480239, 40.729894696563875, 22.089443586772948, 35.9990193072895, 6.293164721585563, 9.26148994427561, 0.0, 11.92898906900789, 29.42017965058907, 25.586516593514848], [11.191012587372576, 6.220083931193897, 29.063417641587815, 13.200943408732755, 25.49457670791265, 6.366332317294444, 17.252565681513897, 11.92898906900789, 0.0, 41.34624640259267, 24.081251513655776], [40.68447315620534, 46.194290294417314, 69.9559354577615, 49.604183209887495, 63.89677059382083, 35.45378694039573, 27.680652850135797, 29.42017965058907, 41.34624640259267, 0.0, 45.74159184482242], [12.986301869251974, 21.062327395753353, 35.22706863064346, 36.394560400032184, 45.08947974206703, 22.024925267903395, 34.841657593349346, 25.586516593514848, 24.081251513655776, 45.74159184482242, 0.0]]