[[0.0, 0.4076056929174676, 1.2886189141838038, 1.6544609443887635, 1.9699141208821396, 0.3372627078307905, 1.9230089153890344, 0.39544542488994006, 0.08887910434640167, 1.3148526643004417, 0.0006901135377643808], [0.4076056929174676, 0.0, 0.3996131426384766, 0.7785517276466887, 1.3784387132168396, 1.2107094300469374, 1.2367890795254348, 1.283615423062867, 0.7922963569359107, 0.421843565330439, 0.3780887129534667], [1.2886189141838038, 0.3996131426384766, 0.0, 0.08719075404377741, 0.48697724886158267, 1.908262391434505, 0.36519822117231837, 1.937151088228232, 1.6575669435586335, 0.0003785788666839096, 1.2528554775218992], [1.6544609443887635, 0.7785517276466887, 0.08719075404377741, 0.0, 0.1811595893524075, 1.9999395144741154, 0.10499725513225466, 1.9979358510945924, 1.907909757513095, 0.07630002962135563, 1.625924115306968], [1.9699141208821396, 1.3784387132168396, 0.48697724886158267, 0.1811595893524075, 0.0, 1.8251042654467837, 0.011087309051176608, 1.780287323771503, 1.9840432046829783, 0.46355422865711404, 1.9602019199530425], [0.3372627078307905, 1.2107094300469374, 1.908262391434505, 1.9999395144741154, 1.8251042654467837, 0.0, 1.8998546159371723, 0.002830819722909772, 0.08753495663886524, 1.9194303846548173, 0.3655361763687446], [1.9230089153890344, 1.2367890795254348, 0.36519822117231837, 0.10499725513225466, 0.011087309051176608, 1.8998546159371723, 0.0, 1.864509907113261, 1.9995550354710117, 0.34417924416622303, 1.9080793358070829], [0.39544542488994006, 1.283615423062867, 1.937151088228232, 1.9979358510945924, 1.780287323771503, 0.002830819722909772, 1.864509907113261, 0.0, 0.1208825647204631, 1.9463965561590992, 0.42545099348809745], [0.08887910434640167, 0.7922963569359107, 1.6575669435586335, 1.907909757513095, 1.9840432046829783, 0.08753495663886524, 1.9995550354710117, 0.1208825647204631, 0.0, 1.678046864278488, 0.10481679035056168], [1.3148526643004417, 0.421843565330439, 0.0003785788666839096, 0.07630002962135563, 0.46355422865711404, 1.9194303846548173, 0.34417924416622303, 1.9463965561590992, 1.678046864278488, 0.0, 1.2793795568030673], [0.0006901135377643808, 0.3780887129534667, 1.2528554775218992, 1.625924115306968, 1.9602019199530425, 0.3655361763687446, 1.9080793358070829, 0.42545099348809745, 0.10481679035056168, 1.2793795568030673, 0.0]]