[[0.0, 3.685181680646871, 6.248588514062734, 10.06592441625826, 9.465348298364638, 5.602899363309008, 11.78796337828795, 5.353723504907348, 4.092258829389851, 8.14881761744467, 2.6703567175002636], [3.685181680646871, 0.0, 3.1929530405035473, 6.722210905035336, 5.788651003158218, 7.642258205101194, 8.11485926079756, 7.018783682483338, 7.3565050886244965, 5.381053897847041, 6.291835009605731], [6.248588514062734, 3.1929530405035473, 0.0, 3.838106354438033, 4.71675387427333, 10.824246188975954, 6.224026282995523, 10.211464071476305, 10.255721267056455, 2.202339834525949, 8.48459951858063], [10.06592441625826, 6.722210905035336, 3.838106354438033, 0.0, 3.9447066369491024, 14.271325376751209, 3.5118383199133425, 13.574971551328582, 14.016211517956089, 2.675689028017588, 12.316485112310493], [9.465348298364638, 5.788651003158218, 4.71675387427333, 3.9447066369491024, 0.0, 12.252167648510138, 2.6467029639596906, 11.444344561854695, 12.838821638915942, 5.424911053319596, 12.078777775110545], [5.602899363309008, 7.642258205101194, 10.824246188975954, 14.271325376751209, 12.252167648510138, 0.0, 14.8861396109706, 0.8703048547171838, 3.1177492111155622, 12.983407787082069, 6.099389209970237], [11.78796337828795, 8.11485926079756, 6.224026282995523, 3.5118383199133425, 2.6467029639596906, 14.8861396109706, 0.0, 14.08402531018169, 15.349668715774229, 5.975099033375862, 14.322473725087526], [5.353723504907348, 7.018783682483338, 10.211464071476305, 13.574971551328582, 11.444344561854695, 0.8703048547171838, 14.08402531018169, 0.0, 3.5715836173325335, 12.39102073929869, 6.235562410459542], [4.092258829389851, 7.3565050886244965, 10.255721267056455, 14.016211517956089, 12.838821638915942, 3.1177492111155622, 15.349668715774229, 3.5715836173325335, 0.0, 12.225652297559947, 3.3388566220529166], [8.14881761744467, 5.381053897847041, 2.202339834525949, 2.675689028017588, 5.424911053319596, 12.983407787082069, 5.975099033375862, 12.39102073929869, 12.225652297559947, 0.0, 10.12405390157718], [2.6703567175002636, 6.291835009605731, 8.48459951858063, 12.316485112310493, 12.078777775110545, 6.099389209970237, 14.322473725087526, 6.235562410459542, 3.3388566220529166, 10.12405390157718, 0.0]]