[[0.0, 1.726416635791168, 1.9592719673306491, 0.3010804216268115, 1.9843777209283386, 0.002373229030349311, 0.0009084990561958328, 0.8246233756480007, 0.9717028328150199, 0.85667293945693, 0.5777654210712784], [1.726416635791168, 0.0, 0.49730741051820804, 1.0161821421608748, 0.40593628540969273, 1.6773726921287913, 1.6964682479569229, 1.8039996148330326, 1.7075349151479657, 0.42395621519870474, 1.9297053004711011], [1.9592719673306491, 0.49730741051820804, 2.220446049250313e-16, 1.8724866957412747, 0.0059771776776207375, 1.9764454612531719, 1.9704389773628772, 0.8901278375958612, 0.7447736526875725, 1.4170572352120074, 1.1489697015371323], [0.3010804216268115, 1.0161821421608748, 1.8724866957412747, 0.0, 1.8139258836758811, 0.25349496517326087, 0.2712360012288232, 1.581541520512879, 1.695136425194986, 0.19200981599786593, 1.3532114468645635], [1.9843777209283386, 0.40593628540969273, 0.0059771776776207375, 1.8139258836758811, 0.0, 1.9941646023928108, 1.990986898401981, 0.9992960753383014, 0.8518560114055995, 1.3153397089022727, 1.2560335828827516], [0.002373229030349311, 1.6773726921287913, 1.9764454612531719, 0.25349496517326087, 1.9941646023928108, 0.0, 0.00034526482230845534, 0.8928261057120647, 1.0405960716453106, 0.7888703200909059, 0.6411823964652638], [0.0009084990561958328, 1.6964682479569229, 1.9704389773628772, 0.2712360012288232, 1.990986898401981, 0.00034526482230845534, 0.0, 0.8667387868122765, 1.0143280534198398, 0.8146265737683747, 0.6167803780133608], [0.8246233756480007, 1.8039996148330326, 0.8901278375958612, 1.581541520512879, 0.9992960753383014, 0.8928261057120647, 0.8667387868122765, 1.1102230246251565e-16, 0.010930160249008392, 1.9492005956800407, 0.033512580498714306], [0.9717028328150199, 1.7075349151479657, 0.7447736526875725, 1.695136425194986, 0.8518560114055995, 1.0405960716453106, 1.0143280534198398, 0.010930160249008392, 2.220446049250313e-16, 1.9852233175834268, 0.08192835315402636], [0.85667293945693, 0.42395621519870474, 1.4170572352120074, 0.19200981599786593, 1.3153397089022727, 0.7888703200909059, 0.8146265737683747, 1.9492005956800407, 1.9852233175834268, 0.0, 1.8366098297916218], [0.5777654210712784, 1.9297053004711011, 1.1489697015371323, 1.3532114468645635, 1.2560335828827516, 0.6411823964652638, 0.6167803780133608, 0.033512580498714306, 0.08192835315402636, 1.8366098297916218, 0.0]]