[[0.0, 7.455985223249349, 22.27667773466078, 8.817053384848839, 29.554433919933228, 7.525105352087093, 3.5749037062443616, 20.149102180125542, 9.995819172827597, 29.532915848953042, 7.537018150676666], [7.455985223249349, 0.0, 15.993210398043782, 12.002118173430533, 22.85999444849224, 14.727893064345091, 4.059383941218435, 22.618993454845096, 10.726105276581434, 28.356977556580684, 10.610043038778072], [22.27667773466078, 15.993210398043782, 0.0, 27.93031336510169, 7.520985188564828, 29.772246197301968, 18.823173584762355, 25.179881008165378, 17.147424107835654, 40.14838604804259, 20.030590914884783], [8.817053384848839, 12.002118173430533, 27.93031336510169, 0.0, 34.512647406288934, 8.755956293608929, 10.483667361157343, 28.77647316538741, 18.72545017953009, 21.53340203689046, 16.340020198259904], [29.554433919933228, 22.85999444849224, 7.520985188564828, 34.512647406288934, 0.0, 37.07709636575597, 26.03523278190477, 31.758028249685292, 24.61121213292585, 44.05676887235106, 27.54536723213683], [7.525105352087093, 14.727893064345091, 29.772246197301968, 8.755956293608929, 37.07709636575597, 0.0, 11.077195355761104, 22.872012638580173, 15.708602626995562, 29.86147532965323, 12.413768910718627], [3.5749037062443616, 4.059383941218435, 18.823173584762355, 10.483667361157343, 26.03523278190477, 11.077195355761104, 0.0, 20.238616541659614, 8.835466744734651, 29.557562375664293, 7.571734109168443], [20.149102180125542, 22.618993454845096, 25.179881008165378, 28.77647316538741, 31.758028249685292, 22.872012638580173, 20.238616541659614, 0.0, 11.909478992440597, 49.59962765604031, 12.776086008995701], [9.995819172827597, 10.726105276581434, 17.147424107835654, 18.72545017953009, 24.61121213292585, 15.708602626995562, 8.835466744734651, 11.909478992440597, 0.0, 38.37303902733145, 3.4301858548105373], [29.532915848953042, 28.356977556580684, 40.14838604804259, 21.53340203689046, 44.05676887235106, 29.86147532965323, 29.557562375664293, 49.59962765604031, 38.37303902733145, 0.0, 36.83016856805365], [7.537018150676666, 10.610043038778072, 20.030590914884783, 16.340020198259904, 27.54536723213683, 12.413768910718627, 7.571734109168443, 12.776086008995701, 3.4301858548105373, 36.83016856805365, 0.0]]