[[1.1102230246251565e-16, 0.48121503568666524, 1.2374733700567482, 0.9338551747567383, 1.318624392788297, 0.5241867388340151, 1.292502794917826, 1.9887155471751883, 0.873664857664801, 1.0138069236131824, 0.0783179955810902], [0.48121503568666524, 0.0, 0.29274821055630607, 0.11265250527020987, 0.3549495108297557, 1.505083581711203, 1.9692612751670278, 1.6409998505243772, 1.7825141701623943, 1.8619861018504993, 0.8535023215378448], [1.2374733700567482, 0.29274821055630607, 0.0, 0.04644090636468423, 0.003569174666122943, 1.967379046086991, 1.8594481831916947, 0.9107261657115742, 1.9936120996537134, 1.9680226789709763, 1.595723597589699], [0.9338551747567383, 0.11265250527020987, 0.04644090636468423, 1.1102230246251565e-16, 0.07527012694798585, 1.8461475641446903, 1.9735180260965237, 1.2148754448319288, 1.981458780774676, 1.998628178253834, 1.326132152365143], [1.318624392788297, 0.3549495108297557, 0.003569174666122943, 0.07527012694798585, 2.220446049250313e-16, 1.9853110122027868, 1.8132266377494186, 0.8269685216886372, 1.9805397277288437, 1.9433914812165178, 1.6613972577118632], [0.5241867388340151, 1.505083581711203, 1.967379046086991, 1.8461475641446903, 1.9853110122027868, 0.0, 0.2980976329656182, 1.3386834470254751, 0.06738899964626766, 0.12710702928396833, 0.2202347921597535], [1.292502794917826, 1.9692612751670278, 1.8594481831916947, 1.9735180260965237, 1.8132266377494186, 0.2980976329656182, 2.220446049250313e-16, 0.5675446187479825, 0.08835067338094826, 0.03978791966672801, 0.8986152829410572], [1.9887155471751883, 1.6409998505243772, 0.9107261657115742, 1.2148754448319288, 0.8269685216886372, 1.3386834470254751, 0.5675446187479825, 0.0, 0.9763047192661095, 0.8365580634486914, 1.853165004075349], [0.873664857664801, 1.7825141701623943, 1.9936120996537134, 1.981458780774676, 1.9805397277288437, 0.06738899964626766, 0.08835067338094826, 0.9763047192661095, 1.1102230246251565e-16, 0.009851239268396594, 0.4987213098023454], [1.0138069236131824, 1.8619861018504993, 1.9680226789709763, 1.998628178253834, 1.9433914812165178, 0.12710702928396833, 0.03978791966672801, 0.8365580634486914, 0.009851239268396594, 0.0, 0.6248163352026663], [0.0783179955810902, 0.8535023215378448, 1.595723597589699, 1.326132152365143, 1.6613972577118632, 0.2202347921597535, 0.8986152829410572, 1.853165004075349, 0.4987213098023454, 0.6248163352026663, 0.0]]