[[0.0, 4.334917021210397, 15.702224162547134, 10.705701539121089, 18.855102942926187, 6.569824401293657, 8.642754427605542, 24.945577263269627, 4.837263970319052, 20.405019563798273, 15.00445825339679], [4.334917021210397, 0.0, 13.409075494957255, 9.29573913397327, 16.371120840971436, 7.749196799030619, 6.751342537342293, 20.798216007661527, 2.594784386899012, 20.439900171246606, 19.106697933335404], [15.702224162547134, 13.409075494957255, 0.0, 5.354541482807976, 3.190477201358458, 21.11383124152466, 19.353292189764783, 23.58114388171381, 15.885636808390926, 33.458378190221445, 29.681924202775317], [10.705701539121089, 9.29573913397327, 5.354541482807976, 0.0, 8.527600983410764, 16.632300514839315, 15.877986518570935, 24.46440774126843, 11.890014127308207, 29.735616095484033, 24.334727154714304], [18.855102942926187, 16.371120840971436, 3.190477201358458, 8.527600983410764, 0.0, 24.11249983935585, 22.02522559255832, 24.039509886748256, 18.778712443082267, 36.118451070749856, 32.86209553807521], [6.569824401293657, 7.749196799030619, 21.11383124152466, 16.632300514839315, 24.11249983935585, 0.0, 5.306811660438258, 23.830228188866478, 5.553579355679987, 13.855574571962961, 14.234701817667762], [8.642754427605542, 6.751342537342293, 19.353292189764783, 15.877986518570935, 22.02522559255832, 5.306811660438258, 0.0, 18.52394814663713, 4.3086543580401715, 14.10786836917506, 19.534017888242325], [24.945577263269627, 20.798216007661527, 23.58114388171381, 24.46440774126843, 24.039509886748256, 23.830228188866478, 18.52394814663713, 0.0, 20.36510167476638, 25.946821989453365, 38.04003158977069], [4.837263970319052, 2.594784386899012, 15.885636808390926, 11.890014127308207, 18.778712443082267, 5.553579355679987, 4.3086543580401715, 20.36510167476638, 0.0, 17.84569337154507, 18.291355449648567], [20.405019563798273, 20.439900171246606, 33.458378190221445, 29.735616095484033, 36.118451070749856, 13.855574571962961, 14.10786836917506, 25.946821989453365, 17.84569337154507, 0.0, 21.803828668998783], [15.00445825339679, 19.106697933335404, 29.681924202775317, 24.334727154714304, 32.86209553807521, 14.234701817667762, 19.534017888242325, 38.04003158977069, 18.291355449648567, 21.803828668998783, 0.0]]