[[0.0, 1.54504271882184, 2.2960704204028737, 3.529702727188914, 3.371073477670474, 2.245795744919731, 4.600325523083426, 3.194116907652363, 3.08597515226404, 2.109513103876475, 1.7213660868593537], [1.54504271882184, 0.0, 1.7535342629147141, 2.6551666993749112, 2.5657956665391137, 1.7926422920821548, 3.773597222330568, 2.4934066971889774, 2.394493702046624, 1.9525086451947713, 2.460168517693851], [2.2960704204028737, 1.7535342629147141, 0.0, 2.268256027209854, 2.2224518362147463, 2.654495495762467, 3.3455152287027725, 2.9942118352071345, 3.1110570644013387, 1.933455101014235, 3.065597414128367], [3.529702727188914, 2.6551666993749112, 2.268256027209854, 0.0, 1.817038845649214, 3.054133108155046, 2.206444278612022, 2.863667983134218, 3.293366325553423, 2.878347336974571, 4.4802254885493085], [3.371073477670474, 2.5657956665391137, 2.2224518362147463, 1.817038845649214, 0.0, 2.8801822289180685, 2.0123910394845645, 2.5368097389498874, 3.1719268032099026, 2.6764388832534953, 4.341508812757756], [2.245795744919731, 1.7926422920821548, 2.654495495762467, 3.054133108155046, 2.8801822289180685, 0.0, 3.759252691963769, 1.613649921600262, 1.2861442550330209, 2.9341341408046353, 2.939422871882191], [4.600325523083426, 3.773597222330568, 3.3455152287027725, 2.206444278612022, 2.0123910394845645, 3.759252691963769, 0.0, 2.9707347830164736, 3.852637591662234, 3.7744025739983114, 5.6509774212767985], [3.194116907652363, 2.4934066971889774, 2.9942118352071345, 2.863667983134218, 2.5368097389498874, 1.613649921600262, 2.9707347830164736, 0.0, 1.6971264434180795, 3.357876411438852, 4.062834701618326], [3.08597515226404, 2.394493702046624, 3.1110570644013387, 3.293366325553423, 3.1719268032099026, 1.2861442550330209, 3.852637591662234, 1.6971264434180795, 0.0, 3.521282070541247, 3.705789085902628], [2.109513103876475, 1.9525086451947713, 1.933455101014235, 2.878347336974571, 2.6764388832534953, 2.9341341408046353, 3.7744025739983114, 3.357876411438852, 3.521282070541247, 0.0, 2.865158734568886], [1.7213660868593537, 2.460168517693851, 3.065597414128367, 4.4802254885493085, 4.341508812757756, 2.939422871882191, 5.6509774212767985, 4.062834701618326, 3.705789085902628, 2.865158734568886, 0.0]]