[[2.220446049250313e-16, 0.06254108653319124, 0.20762609802270826, 1.809075557181339, 1.9075088359768422, 1.7724816413673916, 1.9617985391227957, 1.9512935137236844, 1.7733992618004284, 0.3986473466670235, 0.0063778960599154555], [0.06254108653319124, 0.0, 0.04483105790473285, 1.963052693310677, 1.70454046760066, 1.9452236371119875, 1.9969407437452016, 1.999111911506688, 1.9456947415385915, 0.15813360318054492, 0.10777185894637487], [0.20762609802270826, 0.04483105790473285, 0.0, 1.9996111884065235, 1.4628511831973239, 1.999489614979544, 1.9291063665818415, 1.941846019156372, 1.9995347710341855, 0.03609522918198904, 0.28146820930835725], [1.809075557181339, 1.963052693310677, 1.9996111884065235, 2.220446049250313e-16, 0.5126121196209126, 0.0017897380942535346, 0.06094332754186438, 0.04915018343078548, 0.0017042929307898858, 1.9561061723879063, 1.737645008395718], [1.9075088359768422, 1.70454046760066, 1.4628511831973239, 0.5126121196209126, 0.0, 0.565702615124545, 0.24214681644415237, 0.26618328871331076, 0.5644003229694683, 1.2101333252306816, 1.949084311981804], [1.7724816413673916, 1.9452236371119875, 1.999489614979544, 0.0017897380942535346, 0.565702615124545, 0.0, 0.08318165243841702, 0.0693697740899335, 1.0458335597540724e-06, 1.9719181868709517, 1.6959472145619112], [1.9617985391227957, 1.9969407437452016, 1.9291063665818415, 0.06094332754186438, 0.24214681644415237, 0.08318165243841702, 0.0, 0.000651283131225644, 0.08260511336116394, 1.7971084751226778, 1.9247949491763559], [1.9512935137236844, 1.999111911506688, 1.941846019156372, 0.04915018343078548, 0.26618328871331076, 0.0693697740899335, 0.000651283131225644, 0.0, 0.06884147300670362, 1.8183788831749745, 1.9104634554017017], [1.7733992618004284, 1.9456947415385915, 1.9995347710341855, 0.0017042929307898858, 0.5644003229694683, 1.0458335597540724e-06, 0.08260511336116394, 0.06884147300670362, 0.0, 1.9715768380896976, 1.6969850353294074], [0.3986473466670235, 0.15813360318054492, 0.03609522918198904, 1.9561061723879063, 1.2101333252306816, 1.9719181868709517, 1.7971084751226778, 1.8183788831749745, 1.9715768380896976, 0.0, 0.49257716784348127], [0.0063778960599154555, 0.10777185894637487, 0.28146820930835725, 1.737645008395718, 1.949084311981804, 1.6959472145619112, 1.9247949491763559, 1.9104634554017017, 1.6969850353294074, 0.49257716784348127, 1.1102230246251565e-16]]