[[0.0, 6.900851254387883, 11.894720769045108, 32.902560591176126, 29.616251074502134, 22.812416010036156, 35.92318111022878, 27.736717643138775, 28.857164846485478, 13.318321168578363, 3.839028583594581], [6.900851254387883, 0.0, 9.19310178057331, 29.395945210932684, 23.459118060509883, 18.847636773957046, 31.312358306415064, 23.133027492626596, 25.35678858198344, 6.7970110559328205, 10.739879147292273], [11.894720769045108, 9.19310178057331, 0.0, 37.69299370673438, 28.728298570502336, 27.138570439563676, 38.670802061110884, 30.749861229476362, 33.74008238169631, 8.11498874450447, 14.644506274971002], [32.902560591176126, 29.395945210932684, 37.69299370673438, 0.0, 16.735586073871737, 10.579086751183937, 6.868881498609242, 7.972238881366996, 4.063790113673388, 30.417428551438295, 35.28719631991489], [29.616251074502134, 23.459118060509883, 28.728298570502336, 16.735586073871737, 0.0, 12.70599719482053, 13.054785277380686, 9.617400404006386, 15.033219723075382, 20.61662787979973, 33.16750184468864], [22.812416010036156, 18.847636773957046, 27.138570439563676, 10.579086751183937, 12.70599719482053, 0.0, 13.236457403276775, 5.370605409312188, 6.602547691496466, 20.055164474657275, 25.56224007221494], [35.92318111022878, 31.312358306415064, 38.670802061110884, 6.868881498609242, 13.054785277380686, 13.236457403276775, 0.0, 8.214963866921714, 8.87822736028043, 30.825738509248193, 38.78176971845839], [27.736717643138775, 23.133027492626596, 30.749861229476362, 7.972238881366996, 9.617400404006386, 5.370605409312188, 8.214963866921714, 0.0, 5.450092229864086, 23.101369797769273, 30.671326644464184], [28.857164846485478, 25.35678858198344, 33.74008238169631, 4.063790113673388, 15.033219723075382, 6.602547691496466, 8.87822736028043, 5.450092229864086, 0.0, 26.601744222840892, 31.29543835508188], [13.318321168578363, 6.7970110559328205, 8.11498874450447, 30.417428551438295, 20.61662787979973, 20.055164474657275, 30.825738509248193, 23.101369797769273, 26.601744222840892, 0.0, 17.07636453752249], [3.839028583594581, 10.739879147292273, 14.644506274971002, 35.28719631991489, 33.16750184468864, 25.56224007221494, 38.78176971845839, 30.671326644464184, 31.29543835508188, 17.07636453752249, 0.0]]