[[0.0, 0.03712807787010808, 0.06377660227230642, 1.9712148280989272, 1.8808922198630709, 0.5501036412169984, 1.95803661844277, 1.382766668943415, 0.8371184517727768, 0.44142979760813594, 0.020044926956741094], [0.03712807787010808, 0.0, 0.19340169547405928, 1.99946106051243, 1.9759623691246917, 0.3257125669724843, 1.9998490784160168, 1.1191553346925642, 0.5768124283452687, 0.6860875778194007, 0.0026479921493781644], [0.06377660227230642, 0.19340169547405928, 2.220446049250313e-16, 1.8255674248168063, 1.6583857929135348, 0.8926299013574338, 1.7962074042055025, 1.682999243444688, 1.1942190782605215, 0.1855777572618742, 0.152549625858875], [1.9712148280989272, 1.99946106051243, 1.8255674248168063, 0.0, 0.03171782486782038, 1.649682574491306, 0.0012600763128189918, 0.8483161087112052, 1.3932171783465672, 1.3449105627595228, 1.9992018236794085], [1.8808922198630709, 1.9759623691246917, 1.6583857929135348, 0.03171782486782038, 0.0, 1.8190204335652458, 0.02039867319955002, 1.1000953035784535, 1.6104771496204708, 1.0994440034212563, 1.9575283367869565], [0.5501036412169984, 0.3257125669724843, 0.8926299013574338, 1.649682574491306, 1.8190204335652458, 0.0, 1.6870150746703683, 0.3471370792660817, 0.0455659421082627, 1.4894736211611113, 0.3812034701831979], [1.95803661844277, 1.9998490784160168, 1.7962074042055025, 0.0012600763128189918, 0.02039867319955002, 1.6870150746703683, 0.0, 0.8981118555492216, 1.4388643535913024, 1.2973702375988077, 1.9959380304349548], [1.382766668943415, 1.1191553346925642, 1.682999243444688, 0.8483161087112052, 1.1000953035784535, 0.3471370792660817, 0.8981118555492216, 0.0, 0.15083794491509506, 1.9800920303486118, 1.191047011655749], [0.8371184517727768, 0.5768124283452687, 1.1942190782605215, 1.3932171783465672, 1.6104771496204708, 0.0455659421082627, 1.4388643535913024, 0.15083794491509506, 2.220446049250313e-16, 1.7273995921428604, 0.6438252287212767], [0.44142979760813594, 0.6860875778194007, 0.1855777572618742, 1.3449105627595228, 1.0994440034212563, 1.4894736211611113, 1.2973702375988077, 1.9800920303486118, 1.7273995921428604, 1.1102230246251565e-16, 0.6178696173583973], [0.020044926956741094, 0.0026479921493781644, 0.152549625858875, 1.9992018236794085, 1.9575283367869565, 0.3812034701831979, 1.9959380304349548, 1.191047011655749, 0.6438252287212767, 0.6178696173583973, 0.0]]