[[0.0, 4.293809918479597, 7.731079532214118, 15.711111983241022, 15.46477284870978, 8.192985953276834, 20.30871357973897, 11.250549085554914, 11.03063587798078, 7.268868411430705, 3.687035854160532], [4.293809918479597, 0.0, 4.0104938400813035, 11.913607136177886, 11.963219029609391, 4.737145448987358, 16.61105269616669, 6.97136147028994, 7.621336374164081, 5.6225146732180855, 7.002744078500665], [7.731079532214118, 4.0104938400813035, 0.0, 8.004500727025828, 7.956077553798755, 6.347849094466936, 12.661550523057075, 5.281934622226869, 8.564311422803211, 3.8945873049660533, 10.907900320262133], [15.711111983241022, 11.913607136177886, 8.004500727025828, 0.0, 1.7974412151184291, 12.203186769378211, 4.7186431847647246, 7.75990903009207, 12.821855730806053, 9.773591832778257, 18.892622756495285], [15.46477284870978, 11.963219029609391, 7.956077553798755, 1.7974412151184291, 0.0, 12.925306488015439, 4.940416724273075, 8.823970329885025, 13.880786708857144, 8.99212228947744, 18.82326844640701], [8.192985953276834, 4.737145448987358, 6.347849094466936, 12.203186769378211, 12.925306488015439, 0.0, 16.786230358015374, 4.834731626743626, 2.906667806998521, 9.628061559554066, 9.344603047560774], [20.30871357973897, 16.61105269616669, 12.661550523057075, 4.7186431847647246, 4.940416724273075, 16.786230358015374, 0.0, 12.144048634648732, 17.095548225061492, 13.92785627553702, 23.5685970316441], [11.250549085554914, 6.97136147028994, 5.281934622226869, 7.75990903009207, 8.823970329885025, 4.834731626743626, 12.144048634648732, 0.0, 5.071615948127515, 9.16018607714084, 13.419994663883159], [11.03063587798078, 7.621336374164081, 8.564311422803211, 12.821855730806053, 13.880786708857144, 2.906667806998521, 17.095548225061492, 5.071615948127515, 0.0, 12.17462233067466, 11.7807666701024], [7.268868411430705, 5.6225146732180855, 3.8945873049660533, 9.773591832778257, 8.99212228947744, 9.628061559554066, 13.92785627553702, 9.16018607714084, 12.17462233067466, 0.0, 10.937876173449917], [3.687035854160532, 7.002744078500665, 10.907900320262133, 18.892622756495285, 18.82326844640701, 9.344603047560774, 23.5685970316441, 13.419994663883159, 11.7807666701024, 10.937876173449917, 0.0]]