[[0.0, 0.015061721029668296, 0.4553957175356833, 1.9384856152783154, 1.7859609723229466, 1.4876464696124854, 1.9782244996276621, 1.978525762082044, 1.6843026242051256, 0.3869298455382092, 0.0012609496513944496], [0.015061721029668296, 0.0, 0.31858307317171086, 1.9840581197759282, 1.881026878720606, 1.3293473574430739, 1.9993773839482747, 1.9281472467356982, 1.5479129018117215, 0.5327646325907268, 0.007623318849581451], [0.4553957175356833, 0.31858307317171086, 0.0, 1.800719399113024, 1.946581641885647, 0.5333607020301521, 1.7068156600725488, 1.3600340696346296, 0.7611006703150456, 1.3287108242809484, 0.41397779109877686], [1.9384856152783154, 1.9840581197759282, 1.800719399113024, 0.0, 0.04888485823190858, 0.8438279300388074, 0.010279703822394182, 0.1528462361176398, 0.6095973134600567, 1.3025462076952623, 1.9546381386416978], [1.7859609723229466, 1.881026878720606, 1.946581641885647, 0.04888485823190858, 0.0, 1.156509419117496, 0.10283077361454063, 0.3583588300814743, 0.9130106308278316, 0.993393483440419, 1.8160090342971953], [1.4876464696124854, 1.3293473574430739, 0.5333607020301521, 0.8438279300388074, 1.156509419117496, 0.0, 0.7041716090800877, 0.34287013813824985, 0.029682234063409196, 1.9886888938603748, 1.4432025624463827], [1.9782244996276621, 1.9993773839482747, 1.7068156600725488, 0.010279703822394182, 0.10283077361454063, 0.7041716090800877, 0.0, 0.0855631913034437, 0.4819431745727055, 1.4357501673230726, 1.9874105534298843], [1.978525762082044, 1.9281472467356982, 1.3600340696346296, 0.1528462361176398, 0.3583588300814743, 0.34287013813824985, 0.0855631913034437, 1.1102230246251565e-16, 0.18008661093663625, 1.762749208691714, 1.9669438847238407], [1.6843026242051256, 1.5479129018117215, 0.7611006703150456, 0.6095973134600567, 0.9130106308278316, 0.029682234063409196, 0.4819431745727055, 0.18008661093663625, 0.0, 1.9956128026446045, 1.6468320508087686], [0.3869298455382092, 0.5327646325907268, 1.3287108242809484, 1.3025462076952623, 0.993393483440419, 1.9886888938603748, 1.4357501673230726, 1.762749208691714, 1.9956128026446045, 0.0, 0.42736444448550814], [0.0012609496513944496, 0.007623318849581451, 0.41397779109877686, 1.9546381386416978, 1.8160090342971953, 1.4432025624463827, 1.9874105534298843, 1.9669438847238407, 1.6468320508087686, 0.42736444448550814, 2.220446049250313e-16]]