[[0.0, 0.03702594918920987, 1.0531477456608094, 1.9990014858446767, 0.9515119669819799, 1.2451714601240653, 0.8837399893049473, 1.9997398343408332, 1.0470816758931574, 1.3495318730039816, 0.03714539854640586], [0.03702594918920987, 0.0, 0.7819668304982208, 1.974057153889781, 0.6840302912221772, 1.497459768205882, 1.1558105560924266, 1.9688727675249358, 1.3146335615013447, 1.5891794316964896, 0.14559191019187356], [1.0531477456608094, 0.7819668304982208, 2.220446049250313e-16, 0.9915191452423955, 0.005164943862922655, 1.9550792191727326, 1.99799401410991, 0.9696431325604917, 1.9949769852029111, 1.9170234497697205, 1.3208123208607425], [1.9990014858446767, 1.974057153889781, 0.9915191452423955, 0.0, 1.0930640322341494, 0.711759934041715, 1.0717699204233104, 0.00023937024087661296, 0.9083379147818018, 0.6089581967685034, 1.949829485303571], [0.9515119669819799, 0.6840302912221772, 0.005164943862922655, 1.0930640322341494, 0.0, 1.9802272787231001, 1.9864133333093148, 1.0712578772679962, 1.9999990088165571, 1.9527705421717183, 1.2230158665398143], [1.2451714601240653, 1.497459768205882, 1.9550792191727326, 0.711759934041715, 1.9802272787231001, 0.0, 0.06559812597197145, 0.732779182323251, 0.02005229384936602, 0.005975470377451608, 0.9742851628107472], [0.8837399893049473, 1.1558105560924266, 1.99799401410991, 1.0717699204233104, 1.9864133333093148, 0.06559812597197145, 0.0, 1.093575149601572, 0.01335634038702116, 0.11006556575190718, 0.6198691725628491], [1.9997398343408332, 1.9688727675249358, 0.9696431325604917, 0.00023937024087661296, 1.0712578772679962, 0.732779182323251, 1.093575149601572, 0.0, 0.9301465793748089, 0.6291884827582205, 1.9564451266026963], [1.0470816758931574, 1.3146335615013447, 1.9949769852029111, 0.9083379147818018, 1.9999990088165571, 0.02005229384936602, 0.01335634038702116, 0.9301465793748089, 0.0, 0.04765798871076621, 0.7756118492088936], [1.3495318730039816, 1.5891794316964896, 1.9170234497697205, 0.6089581967685034, 1.9527705421717183, 0.005975470377451608, 0.11006556575190718, 0.6291884827582205, 0.04765798871076621, 0.0, 1.0835596509944179], [0.03714539854640586, 0.14559191019187356, 1.3208123208607425, 1.949829485303571, 1.2230158665398143, 0.9742851628107472, 0.6198691725628491, 1.9564451266026963, 0.7756118492088936, 1.0835596509944179, 2.220446049250313e-16]]