[[0.0, 0.8644338964149901, 12.986339995390109, 13.116897287374371, 15.304090220178434, 4.267432108202215, 8.30921555524074, 20.846449578486283, 9.851417684012572, 6.57889824516074, 22.958289371044124], [0.8644338964149901, 0.0, 12.481521320041692, 13.734796118667726, 14.713706102523982, 5.129108796374874, 9.01489803462106, 21.448467030778932, 10.612999458601314, 7.4367450260139565, 22.602713305675955], [12.986339995390109, 12.481521320041692, 0.0, 17.05956847276568, 2.8833418690443926, 16.17006248028188, 21.10470305027982, 22.686862913530117, 22.376115907728593, 18.231189802296004, 31.151350676127528], [13.116897287374371, 13.734796118667726, 17.05956847276568, 0.0, 19.909823872962047, 10.924865396606288, 14.60085143913019, 7.735232209339131, 14.232461912980616, 10.5812719929492, 35.6152984955833], [15.304090220178434, 14.713706102523982, 2.8833418690443926, 19.909823872962047, 0.0, 18.746638490721566, 23.550332900630547, 25.33137003767992, 24.91260242557227, 20.87433477560228, 31.73111107896304], [4.267432108202215, 5.129108796374874, 16.17006248028188, 10.924865396606288, 18.746638490721566, 0.0, 5.203526579153919, 18.50872794290362, 6.21932813064177, 2.32307212196139, 24.76158512654544], [8.30921555524074, 9.01489803462106, 21.10470305027982, 14.60085143913019, 23.550332900630547, 5.203526579153919, 0.0, 21.573680680714663, 1.9500633315506646, 4.136395675304975, 22.777788357750765], [20.846449578486283, 21.448467030778932, 22.686862913530117, 7.735232209339131, 25.33137003767992, 18.50872794290362, 21.573680680714663, 0.0, 20.80873509031698, 17.819450405225215, 43.265574390021435], [9.851417684012572, 10.612999458601314, 22.376115907728593, 14.232461912980616, 24.91260242557227, 6.21932813064177, 1.9500633315506646, 20.80873509031698, 0.0, 4.476814905875557, 24.322622143450392], [6.57889824516074, 7.4367450260139565, 18.231189802296004, 10.5812719929492, 20.87433477560228, 2.32307212196139, 4.136395675304975, 17.819450405225215, 4.476814905875557, 0.0, 25.73814564636918], [22.958289371044124, 22.602713305675955, 31.151350676127528, 35.6152984955833, 31.73111107896304, 24.76158512654544, 22.777788357750765, 43.265574390021435, 24.322622143450392, 25.73814564636918, 0.0]]